Main.Studies.MarkerTracking.t,Main.Studies.MarkerTracking.JointAngleOutputs.OutputFile_RightShoulder.SternoClavicularProtraction,Main.Studies.MarkerTracking.JointAngleOutputs.OutputFile_RightShoulder.ScapulaClavicularElevation,Main.Studies.MarkerTracking.JointAngleOutputs.OutputFile_RightShoulder.SternoClavicularAxialRotation
 1.540000000000000e+000,-4.089372959444033e-001, 2.726091217578464e-001,-3.493408871345211e-001
 1.550000000000000e+000,-4.095232468885456e-001, 2.717927226396830e-001,-3.493387752491116e-001
 1.560000000000000e+000,-4.100050909029273e-001, 2.713161898087098e-001,-3.493368185357340e-001
 1.570000000000000e+000,-4.102987950616867e-001, 2.712337865045356e-001,-3.493349048557506e-001
 1.580000000000000e+000,-4.103341566830540e-001, 2.716019762898827e-001,-3.493329254709001e-001
 1.590000000000000e+000,-4.100866711637278e-001, 2.724631282091026e-001,-3.493308008343570e-001
 1.600000000000000e+000,-4.095471727568806e-001, 2.738573949270702e-001,-3.493284446909927e-001
 1.610000000000000e+000,-4.087293677590523e-001, 2.758154727760176e-001,-3.493257886344394e-001
 1.620000000000000e+000,-4.076699570360892e-001, 2.783524586850716e-001,-3.493227872068989e-001
 1.630000000000000e+000,-4.064202063160459e-001, 2.814633296870734e-001,-3.493194534137705e-001
 1.640000000000000e+000,-4.050490811724859e-001, 2.851141680198077e-001,-3.493158273811793e-001
 1.650000000000000e+000,-4.036245698204528e-001, 2.892430574746756e-001,-3.493119966692834e-001
 1.660000000000000e+000,-4.022118123814187e-001, 2.937651706473579e-001,-3.493080364770513e-001
 1.670000000000000e+000,-4.008570770224107e-001, 2.985948511440562e-001,-3.493040394102515e-001
 1.680000000000000e+000,-3.995943578783852e-001, 3.036638318731622e-001,-3.493000647724787e-001
 1.690000000000000e+000,-3.984459310245069e-001, 3.089355037001860e-001,-3.492961310532008e-001
 1.700000000000000e+000,-3.974286364143708e-001, 3.144046098722004e-001,-3.492922080889956e-001
 1.710000000000000e+000,-3.965609222532113e-001, 3.200838820026770e-001,-3.492882131345239e-001
 1.720000000000000e+000,-3.958680688976916e-001, 3.259838663534429e-001,-3.492839988824315e-001
 1.730000000000000e+000,-3.953754431277973e-001, 3.320974590010954e-001,-3.492793942153840e-001
 1.740000000000000e+000,-3.951169513819246e-001, 3.383835453346011e-001,-3.492741870539818e-001
 1.750000000000000e+000,-3.951214303074911e-001, 3.447679746506487e-001,-3.492682027845477e-001
 1.760000000000000e+000,-3.954035292455271e-001, 3.511535145118425e-001,-3.492613164083508e-001
 1.770000000000000e+000,-3.959565252664162e-001, 3.574392704493394e-001,-3.492534483951055e-001
 1.780000000000000e+000,-3.967558822261274e-001, 3.635395622167883e-001,-3.492445615361953e-001
 1.790000000000000e+000,-3.977682590861131e-001, 3.693963918463092e-001,-3.492346793205859e-001
 1.800000000000000e+000,-3.989647211961481e-001, 3.749772687242761e-001,-3.492238661279096e-001
 1.810000000000000e+000,-4.003181548367038e-001, 3.802834744819268e-001,-3.492122703844854e-001
 1.820000000000000e+000,-4.018056768207760e-001, 3.853385233666351e-001,-3.492000741107883e-001
 1.830000000000000e+000,-4.033994693655912e-001, 3.901805581320714e-001,-3.491874926735249e-001
 1.840000000000000e+000,-4.050618067301658e-001, 3.948509847809480e-001,-3.491747636953402e-001
 1.850000000000000e+000,-4.067466678797109e-001, 3.993838884067791e-001,-3.491621183002581e-001
 1.860000000000000e+000,-4.084051114972440e-001, 4.037986520291874e-001,-3.491497421564349e-001
 1.870000000000000e+000,-4.099923235995893e-001, 4.080991486463286e-001,-3.491377535050305e-001
 1.880000000000000e+000,-4.114756478372389e-001, 4.122789588507840e-001,-3.491262045598724e-001
 1.890000000000000e+000,-4.128425377689825e-001, 4.163279206869774e-001,-3.491150969388145e-001
 1.900000000000000e+000,-4.140997925274733e-001, 4.202354143470557e-001,-3.491043880790862e-001
 1.910000000000000e+000,-4.152697398834863e-001, 4.239941859676812e-001,-3.490940111548630e-001
 1.920000000000000e+000,-4.163827200283647e-001, 4.276051401700478e-001,-3.490838910033799e-001
 1.930000000000000e+000,-4.174699793916229e-001, 4.310812639102120e-001,-3.490739611453560e-001
 1.940000000000000e+000,-4.185572562070268e-001, 4.344461971761731e-001,-3.490641812226062e-001
 1.950000000000000e+000,-4.196589657820269e-001, 4.377268712424656e-001,-3.490545484154907e-001
 1.960000000000000e+000,-4.207730162222487e-001, 4.409443351059350e-001,-3.490450948607064e-001
 1.970000000000000e+000,-4.218785515561068e-001, 4.441072606017511e-001,-3.490358755683965e-001
 1.980000000000000e+000,-4.229386410341994e-001, 4.472099156116038e-001,-3.490269555399170e-001
 1.990000000000000e+000,-4.239070909517686e-001, 4.502337736412101e-001,-3.490183980789124e-001
 2.000000000000000e+000,-4.247398531344758e-001, 4.531517267755030e-001,-3.490102580926097e-001
 2.010000000000000e+000,-4.253946123325768e-001, 4.559364275436861e-001,-3.490025817980821e-001
 2.020000000000000e+000,-4.258463454575877e-001, 4.585704284726233e-001,-3.489954065782338e-001
 2.030000000000000e+000,-4.260815072341173e-001, 4.610586763530766e-001,-3.489887632675993e-001
 2.040000000000000e+000,-4.261006536735392e-001, 4.634385162483863e-001,-3.489826795076861e-001
 2.050000000000000e+000,-4.259178002509350e-001, 4.657829408830874e-001,-3.489771783385091e-001
 2.060000000000000e+000,-4.255554306261880e-001, 4.681905897506908e-001,-3.489722764935840e-001
 2.070000000000000e+000,-4.250506627661597e-001, 4.707591128493247e-001,-3.489679840853631e-001
 2.080000000000000e+000,-4.244402420272700e-001, 4.735425283759083e-001,-3.489642998738588e-001
 2.090000000000000e+000,-4.237673443170694e-001, 4.764988957438936e-001,-3.489612039913355e-001
 2.100000000000000e+000,-4.230775461702072e-001, 4.794497271249740e-001,-3.489586561061950e-001
 2.110000000000000e+000,-4.224149011667654e-001, 4.820834056780439e-001,-3.489566032436487e-001
 2.120000000000000e+000,-4.218176132362134e-001, 4.840177012518074e-001,-3.489549991944528e-001
 2.130000000000000e+000,-4.213160179389593e-001, 4.848935916504953e-001,-3.489538294553329e-001
 2.140000000000000e+000,-4.209339056717351e-001, 4.844517631670340e-001,-3.489531290387922e-001
 2.150000000000000e+000,-4.206913884084681e-001, 4.825677679722964e-001,-3.489529825701639e-001
 2.160000000000000e+000,-4.206059331584780e-001, 4.792530917848625e-001,-3.489535042667796e-001
 2.170000000000000e+000,-4.206905585862328e-001, 4.746370151927486e-001,-3.489548065793614e-001
 2.180000000000000e+000,-4.209506223802036e-001, 4.689391040081421e-001,-3.489569734846451e-001
 2.190000000000000e+000,-4.213780364831460e-001, 4.624395581329277e-001,-3.489600484958625e-001
 2.200000000000000e+000,-4.219404026937501e-001, 4.554534482640578e-001,-3.489640329554506e-001
 2.210000000000000e+000,-4.225698441995306e-001, 4.483071896284034e-001,-3.489688860696507e-001
 2.220000000000000e+000,-4.231648609001538e-001, 4.413084691826632e-001,-3.489745255421574e-001
 2.230000000000000e+000,-4.236114771333951e-001, 4.347093295613937e-001,-3.489808303621367e-001
 2.240000000000000e+000,-4.238111796174607e-001, 4.286757595873405e-001,-3.489876493559554e-001
 2.250000000000000e+000,-4.237000935770021e-001, 4.232761315715325e-001,-3.489948230036629e-001
 2.260000000000000e+000,-4.232565738447792e-001, 4.184906307058176e-001,-3.490022146942129e-001
 2.270000000000000e+000,-4.224988670920328e-001, 4.142364165321284e-001,-3.490097345230101e-001
 2.280000000000000e+000,-4.214725488187187e-001, 4.104000756967501e-001,-3.490173456183621e-001
 2.290000000000000e+000,-4.202316369248542e-001, 4.068691041096284e-001,-3.490250537542349e-001
 2.300000000000000e+000,-4.188224651155856e-001, 4.035549658397513e-001,-3.490328873085654e-001
 2.310000000000000e+000,-4.172769397896682e-001, 4.004017369412267e-001,-3.490408805408530e-001
 2.320000000000000e+000,-4.156147181947712e-001, 3.973804013478699e-001,-3.490490696534505e-001
 2.330000000000000e+000,-4.138501321363599e-001, 3.944763748718565e-001,-3.490574995466317e-001
 2.340000000000000e+000,-4.120021511525552e-001, 3.916784120745556e-001,-3.490662311235352e-001
 2.350000000000000e+000,-4.100936639350077e-001, 3.889714299400269e-001,-3.490753361366176e-001
 2.360000000000000e+000,-4.081658300120530e-001, 3.863314300581255e-001,-3.490848956502430e-001
 2.370000000000000e+000,-4.062656586650753e-001, 3.837248618288300e-001,-3.490949880019587e-001
 2.380000000000000e+000,-4.044410766598984e-001, 3.811130551320487e-001,-3.491056750156046e-001
 2.390000000000000e+000,-4.027356416491896e-001, 3.784580999200649e-001,-3.491169845002278e-001
 2.400000000000000e+000,-4.011843688156518e-001, 3.757267939802631e-001,-3.491288947741217e-001
 2.410000000000000e+000,-3.998244747689319e-001, 3.728931859374720e-001,-3.491413359095391e-001
 2.420000000000000e+000,-3.986806262282021e-001, 3.699451931192033e-001,-3.491541697474261e-001
 2.430000000000000e+000,-3.977774599721916e-001, 3.668883600103969e-001,-3.491672068248731e-001
 2.440000000000000e+000,-3.971343806748580e-001, 3.637465406354672e-001,-3.491802241325633e-001
 2.450000000000000e+000,-3.967600650842990e-001, 3.605578326702981e-001,-3.491929941235141e-001
 2.460000000000000e+000,-3.966483840367343e-001, 3.573691214458206e-001,-3.492053098295060e-001
 2.470000000000000e+000,-3.967788601357215e-001, 3.542310716956072e-001,-3.492170012971660e-001
 2.480000000000000e+000,-3.971194533405746e-001, 3.511926799929437e-001,-3.492279490738089e-001
 2.490000000000000e+000,-3.976299078629092e-001, 3.482951226114122e-001,-3.492380954805976e-001
 2.500000000000000e+000,-3.982649752170639e-001, 3.455667030675635e-001,-3.492474461007622e-001
 2.510000000000000e+000,-3.989766951225104e-001, 3.430197697585047e-001,-3.492560584655194e-001
 2.520000000000000e+000,-3.997175645337213e-001, 3.406487661911197e-001,-3.492640219246296e-001
 2.530000000000000e+000,-4.004464292259632e-001, 3.384295559626034e-001,-3.492714342570245e-001
 2.540000000000000e+000,-4.011353091439351e-001, 3.363209578591719e-001,-3.492783841995339e-001
 2.550000000000000e+000,-4.017739020264146e-001, 3.342691022645057e-001,-3.492849466643728e-001
 2.560000000000000e+000,-4.023700505915214e-001, 3.322143538166791e-001,-3.492911849377066e-001
 2.570000000000000e+000,-4.029472583824036e-001, 3.300988964320195e-001,-3.492971501403782e-001
 2.580000000000000e+000,-4.035408990991750e-001, 3.278733952306536e-001,-3.493028778214384e-001
 2.590000000000000e+000,-4.041926157951735e-001, 3.255023283550957e-001,-3.493083879452200e-001
 2.600000000000000e+000,-4.049427644509258e-001, 3.229674799699933e-001,-3.493136879391430e-001
 2.610000000000000e+000,-4.058228218160873e-001, 3.202695606158792e-001,-3.493187724124868e-001
 2.620000000000000e+000,-4.068498512941532e-001, 3.174277228509037e-001,-3.493236202846222e-001
 2.630000000000000e+000,-4.080253360214021e-001, 3.144753894262098e-001,-3.493281972482075e-001
 2.640000000000000e+000,-4.093390004581169e-001, 3.114522864123810e-001,-3.493324662209901e-001
 2.650000000000000e+000,-4.107740558089589e-001, 3.083964403688051e-001,-3.493364005483255e-001
 2.660000000000000e+000,-4.123108707397193e-001, 3.053405128364288e-001,-3.493399916112500e-001
 2.670000000000000e+000,-4.139298336039539e-001, 3.023129072376183e-001,-3.493432459125193e-001
 2.680000000000000e+000,-4.156128164729143e-001, 2.993396513752396e-001,-3.493461745194065e-001
 2.690000000000000e+000,-4.173459188019169e-001, 2.964487951993347e-001,-3.493487939190069e-001
 2.700000000000000e+000,-4.191087033309252e-001, 2.936655041760536e-001,-3.493511076490120e-001
 2.710000000000000e+000,-4.208701998503235e-001, 2.910157325496576e-001,-3.493531048425194e-001
 2.720000000000000e+000,-4.225833101516752e-001, 2.885292650219782e-001,-3.493547538322157e-001
 2.730000000000000e+000,-4.241844175975594e-001, 2.862454861353303e-001,-3.493560124804460e-001
 2.740000000000000e+000,-4.255981011349465e-001, 2.842174454141317e-001,-3.493568481694990e-001
 2.750000000000000e+000,-4.267462572469947e-001, 2.825117503515586e-001,-3.493572525585434e-001
 2.760000000000000e+000,-4.275583868063945e-001, 2.812044080625555e-001,-3.493572455311305e-001
 2.770000000000000e+000,-4.279802139810042e-001, 2.803737893762348e-001,-3.493568711723488e-001
 2.780000000000000e+000,-4.279795990441801e-001, 2.800920707605079e-001,-3.493561882268684e-001
 2.790000000000000e+000,-4.275490491261159e-001, 2.804168235964371e-001,-3.493552571454405e-001
 2.800000000000000e+000,-4.267044024493362e-001, 2.813843217472134e-001,-3.493541271111037e-001
 2.810000000000000e+000,-4.254813218920738e-001, 2.830060027519870e-001,-3.493528263179833e-001
 2.820000000000000e+000,-4.239327128180172e-001, 2.852690903751987e-001,-3.493513598534830e-001
 2.830000000000000e+000,-4.221279864476130e-001, 2.881409456553636e-001,-3.493497207260969e-001
 2.840000000000000e+000,-4.201478159135088e-001, 2.915722675250523e-001,-3.493479028904825e-001
 2.850000000000000e+000,-4.180798826473464e-001, 2.955007707702988e-001,-3.493459251045219e-001
 2.860000000000000e+000,-4.160067305309746e-001, 2.998511817823786e-001,-3.493438270231487e-001
 2.870000000000000e+000,-4.139996658405221e-001, 3.045413867511466e-001,-3.493416605275027e-001
 2.880000000000000e+000,-4.121192428244958e-001, 3.094944969998437e-001,-3.493394810131263e-001
 2.890000000000000e+000,-4.104146461575277e-001, 3.146423817109878e-001,-3.493373096315165e-001
 2.900000000000000e+000,-4.089324877155205e-001, 3.199380913136651e-001,-3.493351481341631e-001
 2.910000000000000e+000,-4.077134256420584e-001, 3.253426301162024e-001,-3.493329394721597e-001
 2.920000000000000e+000,-4.067927007721001e-001, 3.308165666609628e-001,-3.493305647308391e-001
 2.930000000000000e+000,-4.061984734960287e-001, 3.363144067899326e-001,-3.493278503112394e-001
 2.940000000000000e+000,-4.059492051254280e-001, 3.417855816737960e-001,-3.493245967220631e-001
 2.950000000000000e+000,-4.060503014840584e-001, 3.471802881964285e-001,-3.493206221236850e-001
 2.960000000000000e+000,-4.064912308260412e-001, 3.524577761695302e-001,-3.493158003307182e-001
 2.970000000000000e+000,-4.072449134181431e-001, 3.575932279789931e-001,-3.493100798126073e-001
 2.980000000000000e+000,-4.082693816359536e-001, 3.625800592542607e-001,-3.493034855369606e-001
 2.990000000000000e+000,-4.095107897638484e-001, 3.674278928555563e-001,-3.492961072397888e-001
 3.000000000000000e+000,-4.109084870416405e-001, 3.721580732309706e-001,-3.492880777443078e-001
 3.010000000000000e+000,-4.124021461178752e-001, 3.767970908334035e-001,-3.492795525997138e-001
 3.020000000000000e+000,-4.139378992752846e-001, 3.813684662064039e-001,-3.492706942574060e-001
 3.030000000000000e+000,-4.154710889070740e-001, 3.858856531290886e-001,-3.492616529510473e-001
 3.040000000000000e+000,-4.169667269272043e-001, 3.903473681424030e-001,-3.492525482204300e-001
 3.050000000000000e+000,-4.183996040401462e-001, 3.947359172204823e-001,-3.492434606985436e-001
 3.060000000000000e+000,-4.197548110730416e-001, 3.990194468984341e-001,-3.492344350059760e-001
 3.070000000000000e+000,-4.210279200996483e-001, 4.031567461256960e-001,-3.492254891690764e-001
 3.080000000000000e+000,-4.222220196197353e-001, 4.071026279474084e-001,-3.492166230767451e-001
 3.090000000000000e+000,-4.233405234899153e-001, 4.108133427733391e-001,-3.492078200029929e-001
 3.100000000000000e+000,-4.243821194239151e-001, 4.142553307697525e-001,-3.491990725062872e-001
 3.110000000000000e+000,-4.253427526091208e-001, 4.174078714607115e-001,-3.491903622879253e-001
 3.120000000000000e+000,-4.262335867949615e-001, 4.202655230848302e-001,-3.491816942594695e-001
 3.130000000000000e+000,-4.270902690346280e-001, 4.228325182979351e-001,-3.491731113037540e-001
 3.140000000000000e+000,-4.279589258014580e-001, 4.251174760763927e-001,-3.491646985330669e-001
 3.150000000000000e+000,-4.288743919577201e-001, 4.271310313858427e-001,-3.491565614968077e-001
 3.160000000000000e+000,-4.298514871477392e-001, 4.288838552283989e-001,-3.491487985023700e-001
 3.170000000000000e+000,-4.308876724672982e-001, 4.303832397200698e-001,-3.491414922387756e-001
 3.180000000000000e+000,-4.319694953370224e-001, 4.316300106461837e-001,-3.491347213017508e-001
 3.190000000000000e+000,-4.330797317830244e-001, 4.326195773479822e-001,-3.491285651436980e-001
 3.200000000000000e+000,-4.342027473067476e-001, 4.333491550428774e-001,-3.491230848537061e-001
 3.210000000000000e+000,-4.353267467749747e-001, 4.338275571841570e-001,-3.491182979794829e-001
 3.220000000000000e+000,-4.364434855685727e-001, 4.340815526625417e-001,-3.491141741752606e-001
 3.230000000000000e+000,-4.375469434303392e-001, 4.341557172795965e-001,-3.491106600159699e-001
 3.240000000000000e+000,-4.386354033547862e-001, 4.341060645704371e-001,-3.491077178625451e-001
 3.250000000000000e+000,-4.397004274549536e-001, 4.339899425195024e-001,-3.491053400941124e-001
 3.260000000000000e+000,-4.407437867674260e-001, 4.338510769381452e-001,-3.491035459088677e-001
 3.270000000000000e+000,-4.417693417785987e-001, 4.337019680616385e-001,-3.491023566371372e-001
 3.280000000000000e+000,-4.427853794212682e-001, 4.335040296451673e-001,-3.491017819683638e-001
 3.290000000000000e+000,-4.438021564711741e-001, 4.331525494203232e-001,-3.491018108646568e-001
 3.300000000000000e+000,-4.448270794801903e-001, 4.324742167023692e-001,-3.491024039007427e-001
 3.310000000000000e+000,-4.458731361045289e-001, 4.312432008017990e-001,-3.491034954455511e-001
 3.320000000000000e+000,-4.469464640066458e-001, 4.292182123878918e-001,-3.491049988461321e-001
 3.330000000000000e+000,-4.480543883344776e-001, 4.261930719694964e-001,-3.491068363368913e-001
 3.340000000000000e+000,-4.492029406333836e-001, 4.220434792616223e-001,-3.491089729109629e-001
 3.350000000000000e+000,-4.503960362498538e-001, 4.167557630128829e-001,-3.491114391036777e-001
 3.360000000000000e+000,-4.516337354749248e-001, 4.104341231414823e-001,-3.491143276789727e-001
 3.370000000000000e+000,-4.529096800940565e-001, 4.032881519806992e-001,-3.491177695995101e-001
 3.380000000000000e+000,-4.542078458570145e-001, 3.956053403418300e-001,-3.491219019400138e-001
 3.390000000000000e+000,-4.554983103921105e-001, 3.877151443080822e-001,-3.491268379819302e-001
 3.400000000000000e+000,-4.567337064767491e-001, 3.799491003387250e-001,-3.491326517503693e-001
 3.410000000000000e+000,-4.578501550586668e-001, 3.726008254127269e-001,-3.491393808446281e-001
 3.420000000000000e+000,-4.587748956803542e-001, 3.658929823175332e-001,-3.491470339201545e-001
 3.430000000000000e+000,-4.594397639230015e-001, 3.599591824031534e-001,-3.491555895347992e-001
 3.440000000000000e+000,-4.597978788527803e-001, 3.548444270519511e-001,-3.491649855239660e-001
 3.450000000000000e+000,-4.598387843122624e-001, 3.505218668666181e-001,-3.491751028518689e-001
 3.460000000000000e+000,-4.595941771047589e-001, 3.469193765478771e-001,-3.491857544362143e-001
 3.470000000000000e+000,-4.591288495368030e-001, 3.439467408612136e-001,-3.491966925950540e-001
 3.480000000000000e+000,-4.585176611906177e-001, 3.415287361906469e-001,-3.492075615436222e-001
 3.490000000000000e+000,-4.578518401162479e-001, 3.395699397646226e-001,-3.492181219931636e-001
 3.500000000000000e+000,-4.571965484458851e-001, 3.379467546617470e-001,-3.492284601031886e-001
