Main.Studies.MarkerTracking.t,Main.Studies.MarkerTracking.JointAngleOutputs.OutputFile_LeftShoulder.SternoClavicularProtraction,Main.Studies.MarkerTracking.JointAngleOutputs.OutputFile_LeftShoulder.ScapulaClavicularElevation,Main.Studies.MarkerTracking.JointAngleOutputs.OutputFile_LeftShoulder.SternoClavicularAxialRotation
 1.907000000000000e+001,-2.668835472372723e-001,-3.351653253599634e-001,-3.490610318824466e-001
 1.908000000000000e+001,-2.680583419903668e-001,-3.348660097964165e-001,-3.490611522350024e-001
 1.909000000000000e+001,-2.691649374412077e-001,-3.345959408632870e-001,-3.490612639649952e-001
 1.910000000000000e+001,-2.701527101811113e-001,-3.343766804331132e-001,-3.490613672028513e-001
 1.911000000000000e+001,-2.709858469934243e-001,-3.342228267955960e-001,-3.490614585346663e-001
 1.912000000000000e+001,-2.716590162553306e-001,-3.341366060411040e-001,-3.490615371290132e-001
 1.913000000000000e+001,-2.721758711921166e-001,-3.341188953581156e-001,-3.490616031281883e-001
 1.914000000000000e+001,-2.725512756219123e-001,-3.341687822650468e-001,-3.490616576853778e-001
 1.915000000000000e+001,-2.728099090526361e-001,-3.342837832038699e-001,-3.490617025844157e-001
 1.916000000000000e+001,-2.729821631247561e-001,-3.344595245183175e-001,-3.490617397806528e-001
 1.917000000000000e+001,-2.731004662725108e-001,-3.346889801611819e-001,-3.490617673204839e-001
 1.918000000000000e+001,-2.731887894992541e-001,-3.349641106668715e-001,-3.490617936924680e-001
 1.919000000000000e+001,-2.732727080932607e-001,-3.352726256077923e-001,-3.490618157196024e-001
 1.920000000000000e+001,-2.733714764649972e-001,-3.355977558886516e-001,-3.490618330519703e-001
 1.921000000000000e+001,-2.735003351993414e-001,-3.359164275039395e-001,-3.490618444625852e-001
 1.922000000000000e+001,-2.736729828108026e-001,-3.361993165429631e-001,-3.490618478759452e-001
 1.923000000000000e+001,-2.739030333256868e-001,-3.364116908206125e-001,-3.490618404530470e-001
 1.924000000000000e+001,-2.742042622623645e-001,-3.365146009694702e-001,-3.490618187940454e-001
 1.925000000000000e+001,-2.745905764603626e-001,-3.364667957188712e-001,-3.490617793033848e-001
 1.926000000000000e+001,-2.750737663030343e-001,-3.362285652506227e-001,-3.490617186583480e-001
 1.927000000000000e+001,-2.756585331510315e-001,-3.357676577908779e-001,-3.490616343755565e-001
 1.928000000000000e+001,-2.763378025546508e-001,-3.350657604865719e-001,-3.490615255948494e-001
 1.929000000000000e+001,-2.770889441650510e-001,-3.341253087013807e-001,-3.490613941748317e-001
 1.930000000000000e+001,-2.778679790347206e-001,-3.329775595712876e-001,-3.490612459093517e-001
 1.931000000000000e+001,-2.786081628920494e-001,-3.316869828948774e-001,-3.490610908280843e-001
 1.932000000000000e+001,-2.792380068749210e-001,-3.303405452510106e-001,-3.490609411119607e-001
 1.933000000000000e+001,-2.797113072994091e-001,-3.290240270126965e-001,-3.490608073577273e-001
 1.934000000000000e+001,-2.800192507413640e-001,-3.278054136781181e-001,-3.490606961773544e-001
 1.935000000000000e+001,-2.801776960210007e-001,-3.267337873657084e-001,-3.490606102088917e-001
 1.936000000000000e+001,-2.802109846619803e-001,-3.258428253047403e-001,-3.490605490661360e-001
 1.937000000000000e+001,-2.801458057006578e-001,-3.251507341391369e-001,-3.490605102825077e-001
 1.938000000000000e+001,-2.800102455859468e-001,-3.246589287896837e-001,-3.490604902271428e-001
 1.939000000000000e+001,-2.798299140691208e-001,-3.243534519098583e-001,-3.490604848101102e-001
 1.940000000000000e+001,-2.796237045012900e-001,-3.242094701524612e-001,-3.490604899341075e-001
 1.941000000000000e+001,-2.794062868070413e-001,-3.241969336299031e-001,-3.490605019343467e-001
 1.942000000000000e+001,-2.791930739909551e-001,-3.242850502116759e-001,-3.490605179110350e-001
 1.943000000000000e+001,-2.789992843911259e-001,-3.244448559886353e-001,-3.490605357056946e-001
 1.944000000000000e+001,-2.788357159638888e-001,-3.246512399202453e-001,-3.490605537107127e-001
 1.945000000000000e+001,-2.787073841746910e-001,-3.248848336675985e-001,-3.490605707732457e-001
 1.946000000000000e+001,-2.786149496694014e-001,-3.251330177575833e-001,-3.490605861461426e-001
 1.947000000000000e+001,-2.785569442207936e-001,-3.253897641380790e-001,-3.490605994299019e-001
 1.948000000000000e+001,-2.785307809193555e-001,-3.256544914040205e-001,-3.490606105155836e-001
 1.949000000000000e+001,-2.785320134285927e-001,-3.259307239612548e-001,-3.490606195269271e-001
 1.950000000000000e+001,-2.785547719426645e-001,-3.262248595311528e-001,-3.490606268156825e-001
 1.951000000000000e+001,-2.785940593000253e-001,-3.265444804032387e-001,-3.490606330232228e-001
 1.952000000000000e+001,-2.786478143293276e-001,-3.268966317011124e-001,-3.490606391268881e-001
 1.953000000000000e+001,-2.787165260101550e-001,-3.272862295762389e-001,-3.490606463577317e-001
 1.954000000000000e+001,-2.787993362406927e-001,-3.277137183028471e-001,-3.490606559644791e-001
 1.955000000000000e+001,-2.788914772841497e-001,-3.281735164027912e-001,-3.490606690079158e-001
 1.956000000000000e+001,-2.789874542433227e-001,-3.286561586055758e-001,-3.490606863092021e-001
 1.957000000000000e+001,-2.790843765554370e-001,-3.291529017038066e-001,-3.490607084031568e-001
 1.958000000000000e+001,-2.791791732354018e-001,-3.296583265661131e-001,-3.490607354518419e-001
 1.959000000000000e+001,-2.792633048472061e-001,-3.301695440965720e-001,-3.490607672867879e-001
 1.960000000000000e+001,-2.793210776657282e-001,-3.306847966132436e-001,-3.490608035336159e-001
 1.961000000000000e+001,-2.793325786305080e-001,-3.312036839423496e-001,-3.490608436198148e-001
 1.962000000000000e+001,-2.792797209916064e-001,-3.317281335001097e-001,-3.490608867271892e-001
 1.963000000000000e+001,-2.791515771264429e-001,-3.322615970516740e-001,-3.490609318367184e-001
 1.964000000000000e+001,-2.789443756258098e-001,-3.328055720529277e-001,-3.490609777991596e-001
 1.965000000000000e+001,-2.786584392957878e-001,-3.333566054212473e-001,-3.490610233754216e-001
 1.966000000000000e+001,-2.782999628263946e-001,-3.339068315771232e-001,-3.490610673599148e-001
 1.967000000000000e+001,-2.778878847306950e-001,-3.344460205595046e-001,-3.490611087803990e-001
 1.968000000000000e+001,-2.774545215837238e-001,-3.349632972324474e-001,-3.490611469977703e-001
 1.969000000000000e+001,-2.770326426894615e-001,-3.354503656560985e-001,-3.490611816854474e-001
 1.970000000000000e+001,-2.766388975833162e-001,-3.359049311580740e-001,-3.490612127826296e-001
 1.971000000000000e+001,-2.762687602834847e-001,-3.363302074663157e-001,-3.490612404175680e-001
 1.972000000000000e+001,-2.759025993410051e-001,-3.367314528133165e-001,-3.490612647916258e-001
 1.973000000000000e+001,-2.755117543016027e-001,-3.371131152313900e-001,-3.490612860480829e-001
 1.974000000000000e+001,-2.750617194688313e-001,-3.374770929338573e-001,-3.490613041475090e-001
 1.975000000000000e+001,-2.745181981566362e-001,-3.378224193084138e-001,-3.490613188559177e-001
 1.976000000000000e+001,-2.738588954526751e-001,-3.381478259151938e-001,-3.490613299710143e-001
 1.977000000000000e+001,-2.730850747796551e-001,-3.384553540693547e-001,-3.490613376802312e-001
 1.978000000000000e+001,-2.722231729494471e-001,-3.387509009103427e-001,-3.490613427326167e-001
 1.979000000000000e+001,-2.713155997897381e-001,-3.390418315964858e-001,-3.490613462934619e-001
 1.980000000000000e+001,-2.704098277172994e-001,-3.393360919032595e-001,-3.490613496900673e-001
 1.981000000000000e+001,-2.695515087231579e-001,-3.396442077372270e-001,-3.490613542440593e-001
 1.982000000000000e+001,-2.687796260134064e-001,-3.399801862551228e-001,-3.490613611429347e-001
 1.983000000000000e+001,-2.681216977516037e-001,-3.403586709274875e-001,-3.490613712557751e-001
 1.984000000000000e+001,-2.675898401590040e-001,-3.407904829644970e-001,-3.490613849473919e-001
 1.985000000000000e+001,-2.671790407540121e-001,-3.412793913937224e-001,-3.490614020263408e-001
 1.986000000000000e+001,-2.668686837404142e-001,-3.418207845541419e-001,-3.490614218596728e-001
 1.987000000000000e+001,-2.666275617427195e-001,-3.424019032627192e-001,-3.490614435805832e-001
 1.988000000000000e+001,-2.664210129469437e-001,-3.430043082962424e-001,-3.490614663258332e-001
 1.989000000000000e+001,-2.662172680558937e-001,-3.436089008823440e-001,-3.490614894178566e-001
 1.990000000000000e+001,-2.659912832768722e-001,-3.442003910717537e-001,-3.490615124077502e-001
 1.991000000000000e+001,-2.657269939163865e-001,-3.447672041740300e-001,-3.490615350240482e-001
 1.992000000000000e+001,-2.654179241303044e-001,-3.452976025927130e-001,-3.490615571280832e-001
 1.993000000000000e+001,-2.650643656890121e-001,-3.457769472079519e-001,-3.490615787054479e-001
 1.994000000000000e+001,-2.646679911805868e-001,-3.461892522015351e-001,-3.490615998380777e-001
 1.995000000000000e+001,-2.642276006865121e-001,-3.465218956874483e-001,-3.490616205812928e-001
 1.996000000000000e+001,-2.637380331267374e-001,-3.467699166781126e-001,-3.490616407919868e-001
 1.997000000000000e+001,-2.631915393752313e-001,-3.469373999726957e-001,-3.490616600438567e-001
 1.998000000000000e+001,-2.625816257808961e-001,-3.470337241416373e-001,-3.490616777789699e-001
 1.999000000000000e+001,-2.638794671500191e-001,-3.390716148711817e-001,-3.490620153995671e-001
 2.000000000000000e+001,-2.658572076385291e-001,-3.289743255033033e-001,-3.490624963188787e-001
 2.001000000000000e+001,-2.651129541403997e-001,-3.290858959567395e-001,-3.490625051204851e-001
 2.002000000000000e+001,-2.643524363056166e-001,-3.291602158416453e-001,-3.490625113132548e-001
 2.003000000000000e+001,-2.636060345337647e-001,-3.292059633560784e-001,-3.490625178907622e-001
 2.004000000000000e+001,-2.628830622131234e-001,-3.292306778872967e-001,-3.490625248094889e-001
 2.005000000000000e+001,-2.621992009161180e-001,-3.292408921829009e-001,-3.490625330354811e-001
 2.006000000000000e+001,-2.615787174301341e-001,-3.292424444912458e-001,-3.490625437741476e-001
 2.007000000000000e+001,-2.610574022258945e-001,-3.292414897465983e-001,-3.490625584288131e-001
 2.008000000000000e+001,-2.606824956766429e-001,-3.292452981528624e-001,-3.490625785467185e-001
 2.009000000000000e+001,-2.605107256781254e-001,-3.292639055014164e-001,-3.490626057562233e-001
 2.010000000000000e+001,-2.606026709047364e-001,-3.293106384601365e-001,-3.490626416008931e-001
 2.011000000000000e+001,-2.610117066722847e-001,-3.293990583350701e-001,-3.490626872693448e-001
 2.012000000000000e+001,-2.617698716070130e-001,-3.295381580194055e-001,-3.490627433249059e-001
 2.013000000000000e+001,-2.628740860797981e-001,-3.297286715687422e-001,-3.490628093777258e-001
 2.014000000000000e+001,-2.642786741562736e-001,-3.299618326987759e-001,-3.490628837751180e-001
 2.015000000000000e+001,-2.659040256153284e-001,-3.302226484439608e-001,-3.490629637859100e-001
 2.016000000000000e+001,-2.676588722765126e-001,-3.304969283244423e-001,-3.490630463415084e-001
 2.017000000000000e+001,-2.694561616064559e-001,-3.307758793143598e-001,-3.490631286262141e-001
 2.018000000000000e+001,-2.712101999406044e-001,-3.310536377377553e-001,-3.490632080297952e-001
 2.019000000000000e+001,-2.728250220734067e-001,-3.313204682660493e-001,-3.490632817388731e-001
 2.020000000000000e+001,-2.741903883152633e-001,-3.315588222385721e-001,-3.490633464983132e-001
 2.021000000000000e+001,-2.751889095618810e-001,-3.317455235969367e-001,-3.490633987510940e-001
 2.022000000000000e+001,-2.757076685180321e-001,-3.318565503733708e-001,-3.490634350184297e-001
 2.023000000000000e+001,-2.756518482004760e-001,-3.318706419709325e-001,-3.490634523760997e-001
 2.024000000000000e+001,-2.749601409416120e-001,-3.317712555851000e-001,-3.490634489096482e-001
 2.025000000000000e+001,-2.736167349722582e-001,-3.315483719731489e-001,-3.490634240085110e-001
 2.026000000000000e+001,-2.716556003942671e-001,-3.312018868184987e-001,-3.490633785008335e-001
 2.027000000000000e+001,-2.691581194220550e-001,-3.307445674646639e-001,-3.490633146664104e-001
 2.028000000000000e+001,-2.662460812541648e-001,-3.302011541263559e-001,-3.490632360992928e-001
 2.029000000000000e+001,-2.630713613327363e-001,-3.296052629533595e-001,-3.490631474591530e-001
 2.030000000000000e+001,-2.598041940938529e-001,-3.289970863414817e-001,-3.490630541246852e-001
 2.031000000000000e+001,-2.566207336401910e-001,-3.284217975766217e-001,-3.490629617102597e-001
 2.032000000000000e+001,-2.536884391911727e-001,-3.279277341074511e-001,-3.490628755384420e-001
 2.033000000000000e+001,-2.511491494846097e-001,-3.275629308473715e-001,-3.490628001808167e-001
 2.034000000000000e+001,-2.491029219737764e-001,-3.273692599057756e-001,-3.490627390400276e-001
 2.035000000000000e+001,-2.475965400568439e-001,-3.273761802493076e-001,-3.490626939375460e-001
 2.036000000000000e+001,-2.466190660894833e-001,-3.275964203508648e-001,-3.490626647999370e-001
 2.037000000000000e+001,-2.461046587798839e-001,-3.280249977161638e-001,-3.490626496171621e-001
 2.038000000000000e+001,-2.459424374720504e-001,-3.286422816672443e-001,-3.490626447970852e-001
 2.039000000000000e+001,-2.459942362078497e-001,-3.294190818177583e-001,-3.490626458837509e-001
 2.040000000000000e+001,-2.461194273783658e-001,-3.303213734615700e-001,-3.490626483845403e-001
 2.041000000000000e+001,-2.462077856325191e-001,-3.313154146959474e-001,-3.490626509696735e-001
 2.042000000000000e+001,-2.461732930116259e-001,-3.323654026950131e-001,-3.490626456748102e-001
 2.043000000000000e+001,-2.459923207086589e-001,-3.334363738021915e-001,-3.490626311779049e-001
 2.044000000000000e+001,-2.456900220383719e-001,-3.344968190542081e-001,-3.490626122988395e-001
 2.045000000000000e+001,-2.452926319852535e-001,-3.355126497053496e-001,-3.490625875569702e-001
 2.046000000000000e+001,-2.448357420149596e-001,-3.364560144261020e-001,-3.490625587476617e-001
 2.047000000000000e+001,-2.443516674662753e-001,-3.373057604121652e-001,-3.490625281190470e-001
 2.048000000000000e+001,-2.438700095567082e-001,-3.380465410193199e-001,-3.490624981194616e-001
 2.049000000000000e+001,-2.434225159545474e-001,-3.386654639026341e-001,-3.490624712594000e-001
 2.050000000000000e+001,-2.430511080563922e-001,-3.391512610558354e-001,-3.490624501252329e-001
 2.051000000000000e+001,-2.428167736152771e-001,-3.394999245216259e-001,-3.490624375569940e-001
 2.052000000000000e+001,-2.428004856369793e-001,-3.397187406732438e-001,-3.490624364008659e-001
 2.053000000000000e+001,-2.431039658034951e-001,-3.398339605620615e-001,-3.490624497421652e-001
 2.054000000000000e+001,-2.438373377015181e-001,-3.398860609323928e-001,-3.490624803418526e-001
 2.055000000000000e+001,-2.451047304179840e-001,-3.399231959636850e-001,-3.490625304194370e-001
 2.056000000000000e+001,-2.469886584105207e-001,-3.399928906140393e-001,-3.490626013815772e-001
 2.057000000000000e+001,-2.495393218497318e-001,-3.401362436842108e-001,-3.490626936595748e-001
 2.058000000000000e+001,-2.527696024230436e-001,-3.403835619687619e-001,-3.490628066037813e-001
 2.059000000000000e+001,-2.566604094792321e-001,-3.407546903428500e-001,-3.490629388112975e-001
 2.060000000000000e+001,-2.611579361711537e-001,-3.412560950618422e-001,-3.490630877258626e-001
 2.061000000000000e+001,-2.661828259272431e-001,-3.418886437694881e-001,-3.490632501155106e-001
 2.062000000000000e+001,-2.716342312733264e-001,-3.426514747571563e-001,-3.490634222992454e-001
 2.063000000000000e+001,-2.773954433478779e-001,-3.435422595494873e-001,-3.490636004781259e-001
 2.064000000000000e+001,-2.833418358288742e-001,-3.445559215145690e-001,-3.490637809765510e-001
 2.065000000000000e+001,-2.893506058419804e-001,-3.456842575854857e-001,-3.490639603472608e-001
 2.066000000000000e+001,-2.953082210950063e-001,-3.469153626664163e-001,-3.490641353937848e-001
 2.067000000000000e+001,-3.011137229134202e-001,-3.482329928536514e-001,-3.490643031711229e-001
 2.068000000000000e+001,-3.066787471449758e-001,-3.496162285193187e-001,-3.490644610183578e-001
 2.069000000000000e+001,-3.119241545123551e-001,-3.510383529021699e-001,-3.490646066420189e-001
 2.070000000000000e+001,-3.167744683400811e-001,-3.524657317695716e-001,-3.490647381863674e-001
 2.071000000000000e+001,-3.211540592512222e-001,-3.538589603527165e-001,-3.490648542352179e-001
 2.072000000000000e+001,-3.249868025843053e-001,-3.551760030576137e-001,-3.490649537387142e-001
 2.073000000000000e+001,-3.281972263836608e-001,-3.563748188722375e-001,-3.490650358433579e-001
 2.074000000000000e+001,-3.307122201899732e-001,-3.574147682757134e-001,-3.490650996528599e-001
 2.075000000000000e+001,-3.324642318467684e-001,-3.582582653210895e-001,-3.490651440738549e-001
 2.076000000000000e+001,-3.333962728293202e-001,-3.588731416530888e-001,-3.490651678490709e-001
 2.077000000000000e+001,-3.334620036223826e-001,-3.592390302185273e-001,-3.490651693245673e-001
 2.078000000000000e+001,-3.293686870014492e-001,-3.700349047601970e-001,-3.490646496753302e-001
 2.079000000000000e+001,-3.252841287704932e-001,-3.781576796805715e-001,-3.490642689857892e-001
 2.080000000000000e+001,-3.227785213946506e-001,-3.776267864586962e-001,-3.490642047721544e-001
 2.081000000000000e+001,-3.195058512682781e-001,-3.767943205031452e-001,-3.490641178233059e-001
 2.082000000000000e+001,-3.155800551047346e-001,-3.756787272637097e-001,-3.490640099308078e-001
 2.083000000000000e+001,-3.111514911795610e-001,-3.743108253611396e-001,-3.490638838519450e-001
 2.084000000000000e+001,-3.064000287855267e-001,-3.727354737706592e-001,-3.490637433066499e-001
 2.085000000000000e+001,-3.015284598327214e-001,-3.710098584559693e-001,-3.490635930826595e-001
 2.086000000000000e+001,-2.967508659661173e-001,-3.692026464306535e-001,-3.490634389418739e-001
 2.087000000000000e+001,-2.922714091282680e-001,-3.673917544903087e-001,-3.490632871857721e-001
 2.088000000000000e+001,-2.882546718057482e-001,-3.656563769665076e-001,-3.490631437885674e-001
 2.089000000000000e+001,-2.847978239355825e-001,-3.640624522619405e-001,-3.490630132917270e-001
 2.090000000000000e+001,-2.819218678889191e-001,-3.626496425909953e-001,-3.490628980808613e-001
 2.091000000000000e+001,-2.795920682664725e-001,-3.614303724895400e-001,-3.490627897804720e-001
 2.092000000000000e+001,-2.777321761224468e-001,-3.603954446921120e-001,-3.490627040519176e-001
 2.093000000000000e+001,-2.762697746973743e-001,-3.595295786248127e-001,-3.490626310770836e-001
 2.094000000000000e+001,-2.751293614595642e-001,-3.588148950652357e-001,-3.490625687310376e-001
 2.095000000000000e+001,-2.742451317570734e-001,-3.582376653808861e-001,-3.490625260900784e-001
 2.096000000000000e+001,-2.735544551454205e-001,-3.577855686205584e-001,-3.490624798189762e-001
 2.097000000000000e+001,-2.730115775853985e-001,-3.574520280070646e-001,-3.490624393343974e-001
 2.098000000000000e+001,-2.725797285223921e-001,-3.572291776039289e-001,-3.490624037565976e-001
 2.099000000000000e+001,-2.722307086333058e-001,-3.571047094851920e-001,-3.490623722797675e-001
 2.100000000000000e+001,-2.719444167139519e-001,-3.570601265001698e-001,-3.490623440280360e-001
 2.101000000000000e+001,-2.717101659180849e-001,-3.570724983059166e-001,-3.490623180290562e-001
 2.102000000000000e+001,-2.715274902643795e-001,-3.571185834460695e-001,-3.490622933097225e-001
 2.103000000000000e+001,-2.714035901552030e-001,-3.571790422567769e-001,-3.490622690546648e-001
 2.104000000000000e+001,-2.713471856035629e-001,-3.572408892554071e-001,-3.490622446953055e-001
 2.105000000000000e+001,-2.713623927512884e-001,-3.572972164466748e-001,-3.490622198660939e-001
 2.106000000000000e+001,-2.714443924328105e-001,-3.573444626089173e-001,-3.490621942916431e-001
 2.107000000000000e+001,-2.715772035188582e-001,-3.573789336042799e-001,-3.490621676983363e-001
 2.108000000000000e+001,-2.717374233831814e-001,-3.573956659602531e-001,-3.490621398128389e-001
 2.109000000000000e+001,-2.719022852036793e-001,-3.573907463857813e-001,-3.490621104214821e-001
 2.110000000000000e+001,-2.720524758321240e-001,-3.573635290692316e-001,-3.490620793810744e-001
 2.111000000000000e+001,-2.721684612053533e-001,-3.573159508187105e-001,-3.490620465529329e-001
 2.112000000000000e+001,-2.722283870736896e-001,-3.572503634903377e-001,-3.490620117518298e-001
 2.113000000000000e+001,-2.722103727358242e-001,-3.571677945109144e-001,-3.490619747546502e-001
 2.114000000000000e+001,-2.720968535458879e-001,-3.570670989813678e-001,-3.490619353685303e-001
 2.115000000000000e+001,-2.718797518750011e-001,-3.569448428720534e-001,-3.490618935827567e-001
 2.116000000000000e+001,-2.715637725331900e-001,-3.567958751082201e-001,-3.490618497202807e-001
 2.117000000000000e+001,-2.711651063087305e-001,-3.566146142540192e-001,-3.490618044370772e-001
 2.118000000000000e+001,-2.707075939024448e-001,-3.563966085517214e-001,-3.490617585870231e-001
 2.119000000000000e+001,-2.702198057413502e-001,-3.561396077399182e-001,-3.490617130735415e-001
 2.120000000000000e+001,-2.697343981715885e-001,-3.558441745823642e-001,-3.490616687555693e-001
 2.121000000000000e+001,-2.692896868790002e-001,-3.555145943059164e-001,-3.490616264494555e-001
 2.122000000000000e+001,-2.689294727342244e-001,-3.551595137949013e-001,-3.490615869556792e-001
 2.123000000000000e+001,-2.686965673329519e-001,-3.547906223013719e-001,-3.490615509694454e-001
 2.124000000000000e+001,-2.686236173304842e-001,-3.544195274833679e-001,-3.490615189497443e-001
 2.125000000000000e+001,-2.687275962456885e-001,-3.540555367321328e-001,-3.490614911050499e-001
 2.126000000000000e+001,-2.690089332459062e-001,-3.537064065503217e-001,-3.490614674660360e-001
 2.127000000000000e+001,-2.694540467363905e-001,-3.533811917421468e-001,-3.490614480022482e-001
 2.128000000000000e+001,-2.700396113868722e-001,-3.530928790701806e-001,-3.490614328128585e-001
 2.129000000000000e+001,-2.707359083580583e-001,-3.528591273581327e-001,-3.490614223307986e-001
 2.130000000000000e+001,-2.715084553543057e-001,-3.527011925733212e-001,-3.490614174500526e-001
 2.131000000000000e+001,-2.723186554457900e-001,-3.526422682212909e-001,-3.490614195617630e-001
 2.132000000000000e+001,-2.731231659057081e-001,-3.527056442034686e-001,-3.490614304705370e-001
 2.133000000000000e+001,-2.738723270882504e-001,-3.529130487919434e-001,-3.490614521810639e-001
 2.134000000000000e+001,-2.745089624279173e-001,-3.532835681623423e-001,-3.490614866562388e-001
 2.135000000000000e+001,-2.749673290050472e-001,-3.538303578188264e-001,-3.490615355578044e-001
 2.136000000000000e+001,-2.751753097876248e-001,-3.545531133540387e-001,-3.490615998156191e-001
 2.137000000000000e+001,-2.750692042522992e-001,-3.554305935234088e-001,-3.490616789963837e-001
 2.138000000000000e+001,-2.746210188257978e-001,-3.564176820691103e-001,-3.490617705120954e-001
 2.139000000000000e+001,-2.738607425500714e-001,-3.574464120489169e-001,-3.490618686819298e-001
 2.140000000000000e+001,-2.728758482202742e-001,-3.584321563103512e-001,-3.490619645365877e-001
 2.141000000000000e+001,-2.717843983013892e-001,-3.592900030557087e-001,-3.490620478315303e-001
 2.142000000000000e+001,-2.706984712675958e-001,-3.599559859599073e-001,-3.490621104762208e-001
 2.143000000000000e+001,-2.697035087507224e-001,-3.603971497758969e-001,-3.490621485940097e-001
 2.144000000000000e+001,-2.688578827318863e-001,-3.606056941026032e-001,-3.490621623304591e-001
 2.145000000000000e+001,-2.681960380025827e-001,-3.605870538604696e-001,-3.490621546025195e-001
 2.146000000000000e+001,-2.677247479458725e-001,-3.603515908677271e-001,-3.490621296177865e-001
 2.147000000000000e+001,-2.674184900362163e-001,-3.599132194933321e-001,-3.490620915790972e-001
 2.148000000000000e+001,-2.672263230191647e-001,-3.592916294252657e-001,-3.490620440447265e-001
 2.149000000000000e+001,-2.670904720175338e-001,-3.585119989134717e-001,-3.490619898818466e-001
 2.150000000000000e+001,-2.669635207553250e-001,-3.576011372406667e-001,-3.490619313566634e-001
 2.151000000000000e+001,-2.668169042215954e-001,-3.565837834936758e-001,-3.490618702204842e-001
 2.152000000000000e+001,-2.666421752058166e-001,-3.554805953764171e-001,-3.490618078172127e-001
 2.153000000000000e+001,-2.664462598348252e-001,-3.543074201492373e-001,-3.490617451108943e-001
 2.154000000000000e+001,-2.662437429525191e-001,-3.530767351155060e-001,-3.490616826606866e-001
 2.155000000000000e+001,-2.660510082307895e-001,-3.518009429155751e-001,-3.490616206832752e-001
 2.156000000000000e+001,-2.658834606151814e-001,-3.504957093746652e-001,-3.490615591980945e-001
 2.157000000000000e+001,-2.657545858928964e-001,-3.491824781592439e-001,-3.490614981898215e-001
 2.158000000000000e+001,-2.656750832433470e-001,-3.478888274149683e-001,-3.490614377561002e-001
 2.159000000000000e+001,-2.656510430013568e-001,-3.466449047578988e-001,-3.490613781709334e-001
 2.160000000000000e+001,-2.656828071879651e-001,-3.454771465583226e-001,-3.490613198384065e-001
 2.161000000000000e+001,-2.657655825072484e-001,-3.444036084075544e-001,-3.490612632156888e-001
 2.162000000000000e+001,-2.658907634832458e-001,-3.434335504399602e-001,-3.490612087601819e-001
 2.163000000000000e+001,-2.660474451591633e-001,-3.425689339547979e-001,-3.490611568808480e-001
 2.164000000000000e+001,-2.662239388310471e-001,-3.418047884738895e-001,-3.490611078670299e-001
 2.165000000000000e+001,-2.664099820919040e-001,-3.411293029065290e-001,-3.490610618345454e-001
 2.166000000000000e+001,-2.665998074880119e-001,-3.405258423967927e-001,-3.490610187631079e-001
 2.167000000000000e+001,-2.667927332431030e-001,-3.399763739719619e-001,-3.490609785865751e-001
 2.168000000000000e+001,-2.669907658851119e-001,-3.394639430439064e-001,-3.490609412427829e-001
 2.169000000000000e+001,-2.671977483572068e-001,-3.389734852416528e-001,-3.490609066996874e-001
 2.170000000000000e+001,-2.674201206282501e-001,-3.384923485954710e-001,-3.490608749786061e-001
 2.171000000000000e+001,-2.676655695361375e-001,-3.380117765246264e-001,-3.490608461314889e-001
 2.172000000000000e+001,-2.679403987787312e-001,-3.375280194822794e-001,-3.490608201959399e-001
 2.173000000000000e+001,-2.682484753233686e-001,-3.370405421862732e-001,-3.490607971633861e-001
 2.174000000000000e+001,-2.685915501911584e-001,-3.365490428609133e-001,-3.490607769585058e-001
 2.175000000000000e+001,-2.689695462819558e-001,-3.360534929035308e-001,-3.490607594644426e-001
 2.176000000000000e+001,-2.693803755406043e-001,-3.355566158385310e-001,-3.490607445713991e-001
 2.177000000000000e+001,-2.698197615115088e-001,-3.350648161180032e-001,-3.490607322161121e-001
 2.178000000000000e+001,-2.702819038341457e-001,-3.345864129182263e-001,-3.490607224485643e-001
 2.179000000000000e+001,-2.707610642580914e-001,-3.341293505030585e-001,-3.490607154731232e-001
 2.180000000000000e+001,-2.712531912993424e-001,-3.337000756917095e-001,-3.490607115840091e-001
 2.181000000000000e+001,-2.717568497539291e-001,-3.333032058072867e-001,-3.490607110395153e-001
 2.182000000000000e+001,-2.722723754746880e-001,-3.329404473632449e-001,-3.490607137677860e-001
 2.183000000000000e+001,-2.728046287462669e-001,-3.326162845845944e-001,-3.490607204936770e-001
 2.184000000000000e+001,-2.733554732631076e-001,-3.323301059821708e-001,-3.490607300612954e-001
 2.185000000000000e+001,-2.739251368022613e-001,-3.320809146570958e-001,-3.490607419614637e-001
 2.186000000000000e+001,-2.745093812573961e-001,-3.318663466816165e-001,-3.490607555938969e-001
 2.187000000000000e+001,-2.750994523849970e-001,-3.316843908240386e-001,-3.490607703373765e-001
 2.188000000000000e+001,-2.756831239080762e-001,-3.315347517475955e-001,-3.490607855661239e-001
 2.189000000000000e+001,-2.762460904724191e-001,-3.314189101811957e-001,-3.490608006449041e-001
 2.190000000000000e+001,-2.767739267877077e-001,-3.313391492679201e-001,-3.490608149873338e-001
 2.191000000000000e+001,-2.772545055229756e-001,-3.312970334491827e-001,-3.490608281685747e-001
 2.192000000000000e+001,-2.776798362065954e-001,-3.312921993771161e-001,-3.490608399831156e-001
 2.193000000000000e+001,-2.780466509453451e-001,-3.313227212454231e-001,-3.490608503938974e-001
 2.194000000000000e+001,-2.783555058197335e-001,-3.313866085084753e-001,-3.490608594171228e-001
 2.195000000000000e+001,-2.786083296151951e-001,-3.314821946926234e-001,-3.490608670047225e-001
 2.196000000000000e+001,-2.788059575234541e-001,-3.316068833246983e-001,-3.490608729801749e-001
 2.197000000000000e+001,-2.789479388182799e-001,-3.317558983957285e-001,-3.490608770643400e-001
 2.198000000000000e+001,-2.790353143093493e-001,-3.319217599260749e-001,-3.490608789932376e-001
 2.199000000000000e+001,-2.790743967551475e-001,-3.320945033078839e-001,-3.490608786852357e-001
 2.200000000000000e+001,-2.790773354919338e-001,-3.322637923258465e-001,-3.490608763751311e-001
 2.201000000000000e+001,-2.790575332793645e-001,-3.324220761687935e-001,-3.490608726240019e-001
 2.202000000000000e+001,-2.790237451797904e-001,-3.325650469336892e-001,-3.490608681400658e-001
 2.203000000000000e+001,-2.789785324163351e-001,-3.326894829983875e-001,-3.490608635351941e-001
 2.204000000000000e+001,-2.789224806262330e-001,-3.327928046407060e-001,-3.490608592833976e-001
 2.205000000000000e+001,-2.788594694762502e-001,-3.328748809793660e-001,-3.490608558605191e-001
 2.206000000000000e+001,-2.787968763916934e-001,-3.329384859236126e-001,-3.490608537616139e-001
 2.207000000000000e+001,-2.787410429614152e-001,-3.329876084939061e-001,-3.490608533345279e-001
 2.208000000000000e+001,-2.786939914078568e-001,-3.330261802988412e-001,-3.490608546748250e-001
 2.209000000000000e+001,-2.786544508989029e-001,-3.330568820704614e-001,-3.490608523685265e-001
 2.210000000000000e+001,-2.786164593828649e-001,-3.330853669431204e-001,-3.490608564102647e-001
 2.211000000000000e+001,-2.785765039796862e-001,-3.331135736807702e-001,-3.490608617491013e-001
 2.212000000000000e+001,-2.785319306666927e-001,-3.331437241945086e-001,-3.490608682941733e-001
 2.213000000000000e+001,-2.784820712227163e-001,-3.331772806378273e-001,-3.490608760672980e-001
 2.214000000000000e+001,-2.784282608883374e-001,-3.332151396443401e-001,-3.490608852030349e-001
 2.215000000000000e+001,-2.783737282939737e-001,-3.332583453450475e-001,-3.490608959132420e-001
 2.216000000000000e+001,-2.783227001958308e-001,-3.333091392529268e-001,-3.490609083913630e-001
 2.217000000000000e+001,-2.782802980742460e-001,-3.333720399818125e-001,-3.490609227802590e-001
 2.218000000000000e+001,-2.782528177415456e-001,-3.334541386498799e-001,-3.490609392057485e-001
 2.219000000000000e+001,-2.782462258516587e-001,-3.335637524662836e-001,-3.490609577641756e-001
 2.220000000000000e+001,-2.782639655121016e-001,-3.337079887450560e-001,-3.490609785133531e-001
 2.221000000000000e+001,-2.783070581888683e-001,-3.338911642937055e-001,-3.490610015445839e-001
 2.222000000000000e+001,-2.783766397251601e-001,-3.341152635764138e-001,-3.490610270857799e-001
 2.223000000000000e+001,-2.784761697917174e-001,-3.343815153792384e-001,-3.490610555433376e-001
 2.224000000000000e+001,-2.786116377331624e-001,-3.346912080019038e-001,-3.490610874175602e-001
 2.225000000000000e+001,-2.787901465615167e-001,-3.350444497569924e-001,-3.490611231269901e-001
 2.226000000000000e+001,-2.790182658138134e-001,-3.354376330693722e-001,-3.490611628659097e-001
 2.227000000000000e+001,-2.793014951188037e-001,-3.358620103338210e-001,-3.490612065169749e-001
 2.228000000000000e+001,-2.796442358182680e-001,-3.363045508558566e-001,-3.490612535266920e-001
 2.229000000000000e+001,-2.800493392388516e-001,-3.367496725183332e-001,-3.490613027480602e-001
 2.230000000000000e+001,-2.805186742574718e-001,-3.371794185396309e-001,-3.490613523458078e-001
 2.231000000000000e+001,-2.810553847742681e-001,-3.375716289031825e-001,-3.490613998018394e-001
 2.232000000000000e+001,-2.816654916212277e-001,-3.378992567650252e-001,-3.490614420428664e-001
 2.233000000000000e+001,-2.823576495622142e-001,-3.381334392576674e-001,-3.490614756794147e-001
 2.234000000000000e+001,-2.831417996101913e-001,-3.382475308435335e-001,-3.490614972025874e-001
 2.235000000000000e+001,-2.840267508173391e-001,-3.382182228917467e-001,-3.490615030510113e-001
 2.236000000000000e+001,-2.850174581963585e-001,-3.380244901359448e-001,-3.490614896867409e-001
 2.237000000000000e+001,-2.861141408176746e-001,-3.376465467223972e-001,-3.490614538297630e-001
 2.238000000000000e+001,-2.873132284990017e-001,-3.370659003162828e-001,-3.490613929463883e-001
 2.239000000000000e+001,-2.886061521479943e-001,-3.362689191105655e-001,-3.490613061092223e-001
 2.240000000000000e+001,-2.899727179232707e-001,-3.352566542905413e-001,-3.490611952705467e-001
 2.241000000000000e+001,-2.913712479345133e-001,-3.340592706622809e-001,-3.490610666701872e-001
 2.242000000000000e+001,-2.927340565753087e-001,-3.327435146514670e-001,-3.490609311305174e-001
 2.243000000000000e+001,-2.939800294681087e-001,-3.313992302756157e-001,-3.490608016357043e-001
 2.244000000000000e+001,-2.950424927724583e-001,-3.301129469298432e-001,-3.490606891728239e-001
 2.245000000000000e+001,-2.958902776829215e-001,-3.289529599149406e-001,-3.490606001284842e-001
 2.246000000000000e+001,-2.965265532396654e-001,-3.279697010337535e-001,-3.490605364313308e-001
 2.247000000000000e+001,-2.969739218199471e-001,-3.271960879055098e-001,-3.490604968916792e-001
 2.248000000000000e+001,-2.972613515573565e-001,-3.266436954449761e-001,-3.490604784347346e-001
 2.249000000000000e+001,-2.974199519862851e-001,-3.263020977317579e-001,-3.490604770661874e-001
 2.250000000000000e+001,-2.974861973515127e-001,-3.261445798569118e-001,-3.490604887421828e-001
 2.251000000000000e+001,-2.975046638591291e-001,-3.261379293235442e-001,-3.490605100773995e-001
 2.252000000000000e+001,-2.975203636445016e-001,-3.262519614604786e-001,-3.490605385895347e-001
 2.253000000000000e+001,-2.975628240201595e-001,-3.264638812099454e-001,-3.490605724141964e-001
 2.254000000000000e+001,-2.976376167344469e-001,-3.267571996524514e-001,-3.490606099128704e-001
 2.255000000000000e+001,-2.977321980657728e-001,-3.271200977081459e-001,-3.490606496343627e-001
 2.256000000000000e+001,-2.978266658453051e-001,-3.275457037670357e-001,-3.490606905563574e-001
 2.257000000000000e+001,-2.979008887945202e-001,-3.280316801081817e-001,-3.490607321315893e-001
 2.258000000000000e+001,-2.979371838820674e-001,-3.285770984013674e-001,-3.490607739866999e-001
 2.259000000000000e+001,-2.979202568454103e-001,-3.291786179155476e-001,-3.490608156573096e-001
 2.260000000000000e+001,-2.978370817506249e-001,-3.298291348883846e-001,-3.490608566306591e-001
 2.261000000000000e+001,-2.976802420503591e-001,-3.305196575944289e-001,-3.490608965533663e-001
 2.262000000000000e+001,-2.974540469537901e-001,-3.312421566200883e-001,-3.490609354017583e-001
 2.263000000000000e+001,-2.971775427044205e-001,-3.319900896989692e-001,-3.490609735451077e-001
 2.264000000000000e+001,-2.968824147164786e-001,-3.327552542833421e-001,-3.490610116816945e-001
 2.265000000000000e+001,-2.966075581931215e-001,-3.335240268474462e-001,-3.490610506544768e-001
 2.266000000000000e+001,-2.963891488804217e-001,-3.342785590028117e-001,-3.490610912359457e-001
 2.267000000000000e+001,-2.962477049965867e-001,-3.350025622401818e-001,-3.490611339424420e-001
 2.268000000000000e+001,-2.961794044713847e-001,-3.356846824995130e-001,-3.490611788355492e-001
 2.269000000000000e+001,-2.961566262286234e-001,-3.363177254680332e-001,-3.490612253707105e-001
 2.270000000000000e+001,-2.961378415724985e-001,-3.368982707144637e-001,-3.490612724722877e-001
 2.271000000000000e+001,-2.960833659210538e-001,-3.374275172387165e-001,-3.490613188645196e-001
 2.272000000000000e+001,-2.959684368185865e-001,-3.379108927894909e-001,-3.490613634674361e-001
 2.273000000000000e+001,-2.957867940617573e-001,-3.383564610994929e-001,-3.490614056644598e-001
 2.274000000000000e+001,-2.955475634483353e-001,-3.387730815180756e-001,-3.490614453768576e-001
 2.275000000000000e+001,-2.952706266098109e-001,-3.391678561538625e-001,-3.490614829249188e-001
 2.276000000000000e+001,-2.949805546353230e-001,-3.395435089422132e-001,-3.490615187131163e-001
 2.277000000000000e+001,-2.946990409885587e-001,-3.398969099652494e-001,-3.490615529056682e-001
 2.278000000000000e+001,-2.944384211555982e-001,-3.402189049406337e-001,-3.490615852663266e-001
 2.279000000000000e+001,-2.941989245845167e-001,-3.404966541542533e-001,-3.490616152219694e-001
 2.280000000000000e+001,-2.939715575176544e-001,-3.407186015285142e-001,-3.490616420990957e-001
 2.281000000000000e+001,-2.937455363291959e-001,-3.408787157634559e-001,-3.490616654095063e-001
 2.282000000000000e+001,-2.935151847225003e-001,-3.409777027998302e-001,-3.490616850985879e-001
 2.283000000000000e+001,-2.932818101073107e-001,-3.410220182424553e-001,-3.490617016935771e-001
 2.284000000000000e+001,-2.930509365946620e-001,-3.410220951153846e-001,-3.490617162240410e-001
 2.285000000000000e+001,-2.928283985867786e-001,-3.409907095574463e-001,-3.490617299260184e-001
 2.286000000000000e+001,-2.926167445276091e-001,-3.409414745736594e-001,-3.490617439566702e-001
 2.287000000000000e+001,-2.924116408599902e-001,-3.408868842865651e-001,-3.490617592306799e-001
 2.288000000000000e+001,-2.921998549965125e-001,-3.408362908087423e-001,-3.490617762856419e-001
 2.289000000000000e+001,-2.919609273077869e-001,-3.407952529509142e-001,-3.490617951679064e-001
 2.290000000000000e+001,-2.916734449704743e-001,-3.407666743697351e-001,-3.490618154891594e-001
 2.291000000000000e+001,-2.913240838775968e-001,-3.407523514194888e-001,-3.490618366976795e-001
 2.292000000000000e+001,-2.909134215100588e-001,-3.407538271259207e-001,-3.490618583965550e-001
 2.293000000000000e+001,-2.904545046979453e-001,-3.407717826336612e-001,-3.490618805115096e-001
 2.294000000000000e+001,-2.899664790398235e-001,-3.408040401312360e-001,-3.490619032252953e-001
 2.295000000000000e+001,-2.894669851154971e-001,-3.408453050300575e-001,-3.490619267501033e-001
 2.296000000000000e+001,-2.889660090312263e-001,-3.408901218699745e-001,-3.490619510685956e-001
 2.297000000000000e+001,-2.884631932645546e-001,-3.409359942792654e-001,-3.490619757322324e-001
 2.298000000000000e+001,-2.879492430939928e-001,-3.409824001890534e-001,-3.490619999417800e-001
 2.299000000000000e+001,-2.892457641670039e-001,-3.333017085586250e-001,-3.490623552817211e-001
 2.300000000000000e+001,-2.912100353831473e-001,-3.236105957633446e-001,-3.490628537852056e-001
 2.301000000000000e+001,-2.906362961206969e-001,-3.238116431203804e-001,-3.490628700906055e-001
 2.302000000000000e+001,-2.900440847509843e-001,-3.240030185593659e-001,-3.490628858326256e-001
 2.303000000000000e+001,-2.894309245022539e-001,-3.241764753039467e-001,-3.490629012272783e-001
 2.304000000000000e+001,-2.887985273097100e-001,-3.243317661458853e-001,-3.490629160407073e-001
 2.305000000000000e+001,-2.881503129475754e-001,-3.244693067341942e-001,-3.490629299582559e-001
 2.306000000000000e+001,-2.874977643280413e-001,-3.245901813987304e-001,-3.490629429701030e-001
 2.307000000000000e+001,-2.868598030057502e-001,-3.246945112802622e-001,-3.490629554078347e-001
 2.308000000000000e+001,-2.862583588295039e-001,-3.247804050554104e-001,-3.490629677404027e-001
 2.309000000000000e+001,-2.857146656871081e-001,-3.248441274421712e-001,-3.490629804075160e-001
 2.310000000000000e+001,-2.852478544528469e-001,-3.248806575369094e-001,-3.490629938444164e-001
 2.311000000000000e+001,-2.848746698916821e-001,-3.248850728455446e-001,-3.490630085880851e-001
 2.312000000000000e+001,-2.846086690396304e-001,-3.248549775433438e-001,-3.490630252412549e-001
 2.313000000000000e+001,-2.844579656520724e-001,-3.247906697475438e-001,-3.490630442550559e-001
 2.314000000000000e+001,-2.844230478590064e-001,-3.246917702713095e-001,-3.490630657415605e-001
 2.315000000000000e+001,-2.844965437071066e-001,-3.245545287219838e-001,-3.490630894636402e-001
 2.316000000000000e+001,-2.846611264992252e-001,-3.243724307281928e-001,-3.490631148173528e-001
 2.317000000000000e+001,-2.848809573727869e-001,-3.241377675058617e-001,-3.490631406267201e-001
 2.318000000000000e+001,-2.850920621984332e-001,-3.238418289630667e-001,-3.490631649241222e-001
 2.319000000000000e+001,-2.851999487168352e-001,-3.234744960993148e-001,-3.490631848893326e-001
 2.320000000000000e+001,-2.850827980877044e-001,-3.230247570241855e-001,-3.490631968531669e-001
 2.321000000000000e+001,-2.845971060919619e-001,-3.224817151725610e-001,-3.490631963448148e-001
 2.322000000000000e+001,-2.835931850300146e-001,-3.218350980463058e-001,-3.490631784686859e-001
 2.323000000000000e+001,-2.819469798078032e-001,-3.210767854734093e-001,-3.490631388887541e-001
 2.324000000000000e+001,-2.796016096538608e-001,-3.202053060482102e-001,-3.490630752878387e-001
 2.325000000000000e+001,-2.766053378901159e-001,-3.192317659680608e-001,-3.490629887687394e-001
 2.326000000000000e+001,-2.731311704612464e-001,-3.181842248571374e-001,-3.490628845681097e-001
 2.327000000000000e+001,-2.694656793186018e-001,-3.171086399491909e-001,-3.490627717112394e-001
 2.328000000000000e+001,-2.659664025649063e-001,-3.160647815412245e-001,-3.490626616912935e-001
 2.329000000000000e+001,-2.630001698693504e-001,-3.151167377357069e-001,-3.490625665640851e-001
 2.330000000000000e+001,-2.608789702848351e-001,-3.143206083377881e-001,-3.490624968426922e-001
 2.331000000000000e+001,-2.598060457993868e-001,-3.137137554080727e-001,-3.490624595404037e-001
 2.332000000000000e+001,-2.598419708909068e-001,-3.133094449409477e-001,-3.490624568899750e-001
 2.333000000000000e+001,-2.609028802360048e-001,-3.130981770763843e-001,-3.490624863033212e-001
 2.334000000000000e+001,-2.627946459489686e-001,-3.130534997894625e-001,-3.490625415946592e-001
 2.335000000000000e+001,-2.652741593576215e-001,-3.131415625597760e-001,-3.490626150334732e-001
 2.336000000000000e+001,-2.680420884498174e-001,-3.133163736610061e-001,-3.490626972712287e-001
 2.337000000000000e+001,-2.708884146243116e-001,-3.135380304427764e-001,-3.490627817921090e-001
