Main.Studies.MarkerTracking.t,Main.Studies.MarkerTracking.JointAngleOutputs.OutputFile_RightShoulder.SternoClavicularProtraction,Main.Studies.MarkerTracking.JointAngleOutputs.OutputFile_RightShoulder.ScapulaClavicularElevation,Main.Studies.MarkerTracking.JointAngleOutputs.OutputFile_RightShoulder.SternoClavicularAxialRotation
 1.907000000000000e+001,-2.404573617377332e-001, 4.333494036153338e-001,-3.490729344969789e-001
 1.908000000000000e+001,-2.402304681650277e-001, 4.349548874096132e-001,-3.490730578706397e-001
 1.909000000000000e+001,-2.400248928613580e-001, 4.364645062502290e-001,-3.490731617359876e-001
 1.910000000000000e+001,-2.398746760272102e-001, 4.377994455783354e-001,-3.490732544674707e-001
 1.911000000000000e+001,-2.397853100796542e-001, 4.388938831382008e-001,-3.490733315516442e-001
 1.912000000000000e+001,-2.397518428561148e-001, 4.397331985221247e-001,-3.490733921026305e-001
 1.913000000000000e+001,-2.397680027208586e-001, 4.403229867436007e-001,-3.490734365705758e-001
 1.914000000000000e+001,-2.398221972050312e-001, 4.406894995034960e-001,-3.490734666082543e-001
 1.915000000000000e+001,-2.399005652104091e-001, 4.408709311930290e-001,-3.490734846206991e-001
 1.916000000000000e+001,-2.399935997467554e-001, 4.409096048298868e-001,-3.490734933518022e-001
 1.917000000000000e+001,-2.400724575185399e-001, 4.408398695424318e-001,-3.490734698822166e-001
 1.918000000000000e+001,-2.401841179193867e-001, 4.407084313408105e-001,-3.490734669200138e-001
 1.919000000000000e+001,-2.402990231811536e-001, 4.405392641942785e-001,-3.490734619919895e-001
 1.920000000000000e+001,-2.404091568230155e-001, 4.403593153193897e-001,-3.490734570665655e-001
 1.921000000000000e+001,-2.405064019684887e-001, 4.401942725392758e-001,-3.490734538915070e-001
 1.922000000000000e+001,-2.405836829015102e-001, 4.400680104545318e-001,-3.490734539503759e-001
 1.923000000000000e+001,-2.406350714643018e-001, 4.400008012688237e-001,-3.490734584043064e-001
 1.924000000000000e+001,-2.406568962777757e-001, 4.400091083070494e-001,-3.490734680541099e-001
 1.925000000000000e+001,-2.406488376647530e-001, 4.401075726513013e-001,-3.490734833660227e-001
 1.926000000000000e+001,-2.406142195880477e-001, 4.403091574916929e-001,-3.490735044204271e-001
 1.927000000000000e+001,-2.405605027260480e-001, 4.406211570540941e-001,-3.490735306377507e-001
 1.928000000000000e+001,-2.404994911644354e-001, 4.410399272424987e-001,-3.490735603609101e-001
 1.929000000000000e+001,-2.404463146763451e-001, 4.415470386668576e-001,-3.490735904444393e-001
 1.930000000000000e+001,-2.404177580994060e-001, 4.421060328961524e-001,-3.490736159675370e-001
 1.931000000000000e+001,-2.404301942765680e-001, 4.426613099242664e-001,-3.490736304035748e-001
 1.932000000000000e+001,-2.404954556377199e-001, 4.431456897271768e-001,-3.490736267226603e-001
 1.933000000000000e+001,-2.406146221282926e-001, 4.434969991584685e-001,-3.490735992797044e-001
 1.934000000000000e+001,-2.407739617159744e-001, 4.436755932887149e-001,-3.490735456839941e-001
 1.935000000000000e+001,-2.409463395183399e-001, 4.436759880706052e-001,-3.490734680657212e-001
 1.936000000000000e+001,-2.410978025900645e-001, 4.435270108084046e-001,-3.490733731068332e-001
 1.937000000000000e+001,-2.411968482783295e-001, 4.432778308151377e-001,-3.490732701248765e-001
 1.938000000000000e+001,-2.412223111366445e-001, 4.429773892281161e-001,-3.490731680764541e-001
 1.939000000000000e+001,-2.411682068012294e-001, 4.426592926403707e-001,-3.490730735024290e-001
 1.940000000000000e+001,-2.410446744290604e-001, 4.423385725709796e-001,-3.490729901446443e-001
 1.941000000000000e+001,-2.408721038378109e-001, 4.420180267080796e-001,-3.490729195130977e-001
 1.942000000000000e+001,-2.406718523576131e-001, 4.416954352241478e-001,-3.490728615976075e-001
 1.943000000000000e+001,-2.404623334726042e-001, 4.413665241674583e-001,-3.490728153774608e-001
 1.944000000000000e+001,-2.402605209292729e-001, 4.410257635158446e-001,-3.490727791132060e-001
 1.945000000000000e+001,-2.400818594051297e-001, 4.406664538327660e-001,-3.490727505732330e-001
 1.946000000000000e+001,-2.399379044477600e-001, 4.402815304885224e-001,-3.490727273944293e-001
 1.947000000000000e+001,-2.398356733511515e-001, 4.398672417292335e-001,-3.490727075011401e-001
 1.948000000000000e+001,-2.397793260539170e-001, 4.394266209631588e-001,-3.490726892953602e-001
 1.949000000000000e+001,-2.397721539760237e-001, 4.389687559548918e-001,-3.490726716012805e-001
 1.950000000000000e+001,-2.398169621115790e-001, 4.385049068980784e-001,-3.490726535533620e-001
 1.951000000000000e+001,-2.399135836091098e-001, 4.380445777806938e-001,-3.490726345139452e-001
 1.952000000000000e+001,-2.400549744516869e-001, 4.375946587981310e-001,-3.490726141116693e-001
 1.953000000000000e+001,-2.402278740555248e-001, 4.371630812736553e-001,-3.490725924540969e-001
 1.954000000000000e+001,-2.404176961385405e-001, 4.367633510815745e-001,-3.490725703107740e-001
 1.955000000000000e+001,-2.406085270977998e-001, 4.364140338834903e-001,-3.490725489955103e-001
 1.956000000000000e+001,-2.407803388577310e-001, 4.361326393424287e-001,-3.490725299619051e-001
 1.957000000000000e+001,-2.409128948850922e-001, 4.359293837943943e-001,-3.490725143817071e-001
 1.958000000000000e+001,-2.409929670500712e-001, 4.358049345729538e-001,-3.490725029049613e-001
 1.959000000000000e+001,-2.410170955881541e-001, 4.357513655437852e-001,-3.490724956668647e-001
 1.960000000000000e+001,-2.409910265705410e-001, 4.357541506246405e-001,-3.490724924802865e-001
 1.961000000000000e+001,-2.409304635877803e-001, 4.357943149358130e-001,-3.490724929466565e-001
 1.962000000000000e+001,-2.408629940708971e-001, 4.358500684068540e-001,-3.490724963435659e-001
 1.963000000000000e+001,-2.408270984044063e-001, 4.358968013146167e-001,-3.490725015278288e-001
 1.964000000000000e+001,-2.408679260134162e-001, 4.359049568330122e-001,-3.490725070266308e-001
 1.965000000000000e+001,-2.410331533752497e-001, 4.358376264036825e-001,-3.490725111690495e-001
 1.966000000000000e+001,-2.413682625881310e-001, 4.356519697321066e-001,-3.490725122043529e-001
 1.967000000000000e+001,-2.419099671507792e-001, 4.353051359481202e-001,-3.490725084639695e-001
 1.968000000000000e+001,-2.426823916919572e-001, 4.347604040289677e-001,-3.490724984425477e-001
 1.969000000000000e+001,-2.436995606550010e-001, 4.339912664100916e-001,-3.490724807682588e-001
 1.970000000000000e+001,-2.449686726429253e-001, 4.329847784359295e-001,-3.490724542759106e-001
 1.971000000000000e+001,-2.464857427790920e-001, 4.317456130042841e-001,-3.490724182802783e-001
 1.972000000000000e+001,-2.482244501181291e-001, 4.303022915071111e-001,-3.490723729392119e-001
 1.973000000000000e+001,-2.501272031443357e-001, 4.287156843482674e-001,-3.490723195907357e-001
 1.974000000000000e+001,-2.521073181350261e-001, 4.270801147895509e-001,-3.490722608021822e-001
 1.975000000000000e+001,-2.540671834294834e-001, 4.255023871316110e-001,-3.490721997347200e-001
 1.976000000000000e+001,-2.559226418018704e-001, 4.240673268578465e-001,-3.490721391065209e-001
 1.977000000000000e+001,-2.576143060739407e-001, 4.228187668455918e-001,-3.490720806699237e-001
 1.978000000000000e+001,-2.591047642156514e-001, 4.217642495486937e-001,-3.490720254196752e-001
 1.979000000000000e+001,-2.603747671745741e-001, 4.208883172716751e-001,-3.490719739722087e-001
 1.980000000000000e+001,-2.614219143667387e-001, 4.201645250373347e-001,-3.490719267791309e-001
 1.981000000000000e+001,-2.622593537541866e-001, 4.195649080341637e-001,-3.490718841596923e-001
 1.982000000000000e+001,-2.629138371154660e-001, 4.190652425467627e-001,-3.490718461697272e-001
 1.983000000000000e+001,-2.634215987864789e-001, 4.186462474296868e-001,-3.490718124595724e-001
 1.984000000000000e+001,-2.638222963806891e-001, 4.182941601090464e-001,-3.490717823259517e-001
 1.985000000000000e+001,-2.641543397827100e-001, 4.180014494698441e-001,-3.490717548877484e-001
 1.986000000000000e+001,-2.644522043821960e-001, 4.177659432024301e-001,-3.490717292237694e-001
 1.987000000000000e+001,-2.647435781218281e-001, 4.175899724095609e-001,-3.490717045309616e-001
 1.988000000000000e+001,-2.650481632100785e-001, 4.174815172064956e-001,-3.490716802875010e-001
 1.989000000000000e+001,-2.653810574075389e-001, 4.174545359279633e-001,-3.490716562239470e-001
 1.990000000000000e+001,-2.657565346008364e-001, 4.175256997719332e-001,-3.490716320950162e-001
 1.991000000000000e+001,-2.661867650325362e-001, 4.177097574892867e-001,-3.490716074562887e-001
 1.992000000000000e+001,-2.666774787936750e-001, 4.180162664771177e-001,-3.490715816050748e-001
 1.993000000000000e+001,-2.672253492572387e-001, 4.184466177639303e-001,-3.490715536747433e-001
 1.994000000000000e+001,-2.678172052382749e-001, 4.189885018470738e-001,-3.490715227469389e-001
 1.995000000000000e+001,-2.684277538951094e-001, 4.196071487529443e-001,-3.490714879623972e-001
 1.996000000000000e+001,-2.690150819159494e-001, 4.202360454197822e-001,-3.490714487332788e-001
 1.997000000000000e+001,-2.695154071869705e-001, 4.207690084319975e-001,-3.490714049836474e-001
 1.998000000000000e+001,-2.698333412283757e-001, 4.210543868945202e-001,-3.490713562703062e-001
 1.999000000000000e+001,-2.602191953377863e-001, 4.261424478629148e-001,-3.490689926114590e-001
 2.000000000000000e+001,-2.474478091750816e-001, 4.319528877428935e-001,-3.490658521554442e-001
 2.001000000000000e+001,-2.460416127041283e-001, 4.301616563153661e-001,-3.490658598766407e-001
 2.002000000000000e+001,-2.283394899992715e-001, 4.190695129717579e-001,-3.490658503857633e-001
 2.003000000000000e+001,-2.132440085125298e-001, 4.046285713033533e-001,-3.490658503877382e-001
 2.004000000000000e+001,-1.995826394008017e-001, 3.909358783185415e-001,-3.490658503880840e-001
 2.005000000000000e+001,-1.861937264502535e-001, 3.772889588463646e-001,-3.490658503888370e-001
 2.006000000000000e+001,-1.726967617784726e-001, 3.636236358276537e-001,-3.490658503893460e-001
 2.007000000000000e+001,-1.585773868440474e-001, 3.495704305090011e-001,-3.490658503904244e-001
 2.008000000000000e+001,-1.451966998142709e-001, 3.360455765209216e-001,-3.490658503914028e-001
 2.009000000000000e+001,-1.308906466960475e-001, 3.221202731148232e-001,-3.490658503919289e-001
 2.010000000000000e+001,-1.163131168945238e-001, 3.084272953894305e-001,-3.490658503926210e-001
 2.011000000000000e+001,-1.025650766411169e-001, 2.949017058484047e-001,-3.490658503942161e-001
 2.012000000000000e+001,-8.740019127566968e-002, 2.815179380961348e-001,-3.490658503951371e-001
 2.013000000000000e+001,-7.199257950411230e-002, 2.689809418637217e-001,-3.490658503949403e-001
 2.014000000000000e+001,-6.178552101084597e-002, 2.547684932732082e-001,-3.490658503953464e-001
 2.015000000000000e+001,-4.822335067864468e-002, 2.413499744816243e-001,-3.490658503968471e-001
 2.016000000000000e+001,-3.422921681684797e-002, 2.280720020807978e-001,-3.490658503961459e-001
 2.017000000000000e+001,-1.915250642436022e-002, 2.164628861851714e-001,-3.490658503972749e-001
 2.018000000000000e+001,-5.902764618245657e-003, 2.033285644877467e-001,-3.490658503974908e-001
 2.019000000000000e+001, 8.699714036875826e-003, 1.906880369043837e-001,-3.490658503966477e-001
 2.020000000000000e+001, 2.256225095182717e-002, 1.782510514426194e-001,-3.490658503955714e-001
 2.021000000000000e+001, 2.642526802951219e-002, 1.598993541203011e-001,-3.490658503952415e-001
 2.022000000000000e+001, 3.300698942708765e-002, 1.441284155907143e-001,-3.490658503962638e-001
 2.023000000000000e+001, 4.357536220329809e-002, 1.312070381133861e-001,-3.490658503963007e-001
 2.024000000000000e+001, 5.538711645084989e-002, 1.200516344286560e-001,-3.490658503958586e-001
 2.025000000000000e+001, 6.437809484658115e-002, 1.081536432436072e-001,-3.490658503953912e-001
 2.026000000000000e+001, 7.551582764841963e-002, 9.749907231507993e-002,-3.490658503948663e-001
 2.027000000000000e+001, 8.404357866106992e-002, 8.554889727248272e-002,-3.490658503942583e-001
 2.028000000000000e+001, 9.376246962006185e-002, 7.438083985300414e-002,-3.490658503940113e-001
 2.029000000000000e+001, 1.001230401436478e-001, 6.326147735286614e-002,-3.490658503942047e-001
 2.030000000000000e+001, 1.059423494830722e-001, 5.259450724423509e-002,-3.490658503942219e-001
 2.031000000000000e+001, 1.126503729279102e-001, 4.178642388355147e-002,-3.490658504059779e-001
 2.032000000000000e+001, 1.102643868967690e-001, 3.581947744051361e-002,-3.490658504079931e-001
 2.033000000000000e+001, 1.096524348353758e-001, 2.748203634507429e-002,-3.490658504101300e-001
 2.034000000000000e+001, 1.084950916293814e-001, 1.986536337037914e-002,-3.490658503838481e-001
 2.035000000000000e+001, 1.152327575098356e-001, 1.315548989063675e-002,-3.490658503860740e-001
 2.036000000000000e+001, 1.146103465226631e-001, 6.324063241988309e-003,-3.490658503880109e-001
 2.037000000000000e+001, 1.109747114499395e-001,-2.239188063382525e-003,-3.490658503897641e-001
 2.038000000000000e+001, 1.114776750097007e-001,-6.738154711118272e-003,-3.490658504097087e-001
 2.039000000000000e+001, 1.096984905645018e-001,-1.221189258972366e-002,-3.490658504014033e-001
 2.040000000000000e+001, 1.097384278051710e-001,-1.395516060046642e-002,-3.490658503986626e-001
 2.041000000000000e+001, 1.111126282447097e-001,-1.628447443048975e-002,-3.490658503101908e-001
 2.042000000000000e+001, 1.106566709097162e-001,-1.545205572185782e-002,-3.490658501496016e-001
 2.043000000000000e+001, 1.100697039889048e-001,-1.341594096435861e-002,-3.490658503988716e-001
 2.044000000000000e+001, 1.126195434417985e-001,-6.452130116362920e-003,-3.490658503995497e-001
 2.045000000000000e+001, 1.117276770291546e-001,-1.576439231401716e-003,-3.490658504237317e-001
 2.046000000000000e+001, 1.174272421134200e-001, 1.107813278707304e-002,-3.490658504421957e-001
 2.047000000000000e+001, 1.166814457016000e-001, 1.865648104679107e-002,-3.490658503926230e-001
 2.048000000000000e+001, 1.169641122178306e-001, 2.747046861904923e-002,-3.490658503950858e-001
 2.049000000000000e+001, 1.168657236423356e-001, 3.457120529445201e-002,-3.490658504958591e-001
 2.050000000000000e+001, 1.274048304312036e-001, 5.586830974893098e-002,-3.490658503833430e-001
 2.051000000000000e+001, 1.278631307529226e-001, 6.825613964516153e-002,-3.490658504005674e-001
 2.052000000000000e+001, 1.168268632906585e-001, 8.348248806355940e-002,-3.490658503969857e-001
 2.053000000000000e+001, 1.204226975046188e-001, 9.813325254074301e-002,-3.490658504007596e-001
 2.054000000000000e+001, 1.360906005004046e-001, 1.263045656743180e-001,-3.490658503987467e-001
 2.055000000000000e+001, 1.527908578542873e-001, 1.560431765240495e-001,-3.490658503985879e-001
 2.056000000000000e+001, 1.536209133808630e-001, 1.731593882567788e-001,-3.490658504008407e-001
 2.057000000000000e+001, 1.513776375710710e-001, 1.902856959574748e-001,-3.490658503986444e-001
 2.058000000000000e+001, 1.484940880537150e-001, 2.070382664394961e-001,-3.490658504167614e-001
 2.059000000000000e+001, 1.599419982068057e-001, 2.362095383062965e-001,-3.490658503963877e-001
 2.060000000000000e+001, 1.588377236282447e-001, 2.542180179034175e-001,-3.490658504065379e-001
 2.061000000000000e+001, 1.476131457500404e-001, 2.709893956438645e-001,-3.490658504318031e-001
 2.062000000000000e+001, 1.342511198488559e-001, 2.888497721175722e-001,-3.490658503969448e-001
 2.063000000000000e+001, 1.202228461820395e-001, 3.040618883236765e-001,-3.490658503968698e-001
 2.064000000000000e+001, 1.063818818825984e-001, 3.200672687322015e-001,-3.490658503967818e-001
 2.065000000000000e+001, 9.699668792040454e-002, 3.359553628963938e-001,-3.490658503965595e-001
 2.066000000000000e+001, 1.087612046266409e-001, 3.670125020761552e-001,-3.490658503972181e-001
 2.067000000000000e+001, 8.987134766026569e-002, 3.793691632654392e-001,-3.490658504124087e-001
 2.068000000000000e+001, 7.731722569415502e-002, 3.951514311840318e-001,-3.490658504077802e-001
 2.069000000000000e+001, 6.471340969925415e-002, 4.114657782389273e-001,-3.490658503968668e-001
 2.070000000000000e+001, 5.819267054311653e-002, 4.279269794075558e-001,-3.490658504159626e-001
 2.071000000000000e+001, 4.441337688560094e-002, 4.443754746304682e-001,-3.490658503970094e-001
 2.072000000000000e+001, 2.876743342977825e-002, 4.603766873603652e-001,-3.490658503971343e-001
 2.073000000000000e+001, 2.653866031172102e-002, 4.853267827952306e-001,-3.490658503931929e-001
 2.074000000000000e+001, 1.530420499133398e-002, 5.018268472819121e-001,-3.490658503938568e-001
 2.075000000000000e+001,-1.615495847316938e-003, 5.192363207483495e-001,-3.490658503978952e-001
 2.076000000000000e+001,-1.684467302261762e-001, 4.283829137859239e-001,-3.490663489006533e-001
 2.077000000000000e+001,-1.828539425101132e-001, 4.207297132134955e-001,-3.490658521196238e-001
 2.078000000000000e+001,-1.986248644230239e-001, 4.148323478695435e-001,-3.490689500580316e-001
 2.079000000000000e+001,-2.113060527086985e-001, 4.097957172004003e-001,-3.490712127895509e-001
 2.080000000000000e+001,-2.135797137223700e-001, 4.096114540955123e-001,-3.490711915273532e-001
 2.081000000000000e+001,-2.162672182566744e-001, 4.090920698161520e-001,-3.490711554629815e-001
 2.082000000000000e+001,-2.194148119015800e-001, 4.083829026037056e-001,-3.490711073888868e-001
 2.083000000000000e+001,-2.229888503042195e-001, 4.075969238108685e-001,-3.490710500180639e-001
 2.084000000000000e+001,-2.268830501241790e-001, 4.068170238345488e-001,-3.490709867582483e-001
 2.085000000000000e+001,-2.309281307483697e-001, 4.061015613317622e-001,-3.490709214762964e-001
 2.086000000000000e+001,-2.349144660099824e-001, 4.054912476709986e-001,-3.490708583022254e-001
 2.087000000000000e+001,-2.386279280807313e-001, 4.050161322688985e-001,-3.490708013740150e-001
 2.088000000000000e+001,-2.418903496719579e-001, 4.046997837280271e-001,-3.490707543470984e-001
 2.089000000000000e+001,-2.445900075471934e-001, 4.045600804235592e-001,-3.490707197570852e-001
 2.090000000000000e+001,-2.466881741054499e-001, 4.046100412649794e-001,-3.490706986600073e-001
 2.091000000000000e+001,-2.481704252042271e-001, 4.048531122067514e-001,-3.490706671963802e-001
 2.092000000000000e+001,-2.491430427493361e-001, 4.053155775395385e-001,-3.490706713580146e-001
 2.093000000000000e+001,-2.496253918464604e-001, 4.060011350559145e-001,-3.490706862298896e-001
 2.094000000000000e+001,-2.496668295500688e-001, 4.069190535411877e-001,-3.490707106689817e-001
 2.095000000000000e+001,-2.493407366144524e-001, 4.080788879564612e-001,-3.490707690915166e-001
 2.096000000000000e+001,-2.486393557501672e-001, 4.094580621483215e-001,-3.490708107575788e-001
 2.097000000000000e+001,-2.476447708415812e-001, 4.110364463304341e-001,-3.490708590922413e-001
 2.098000000000000e+001,-2.464288708480067e-001, 4.127617907702914e-001,-3.490709121940974e-001
 2.099000000000000e+001,-2.450915889466860e-001, 4.145490352385959e-001,-3.490709672208404e-001
 2.100000000000000e+001,-2.437624142352336e-001, 4.162812138016103e-001,-3.490710203379100e-001
 2.101000000000000e+001,-2.425796809923146e-001, 4.178316071444546e-001,-3.490710673469352e-001
 2.102000000000000e+001,-2.416555345201371e-001, 4.190987569362545e-001,-3.490711048157295e-001
 2.103000000000000e+001,-2.410538633445797e-001, 4.200274523891583e-001,-3.490711308368079e-001
 2.104000000000000e+001,-2.407902301225239e-001, 4.206085848569028e-001,-3.490711451228158e-001
 2.105000000000000e+001,-2.408406742882739e-001, 4.208713684255543e-001,-3.490711488429457e-001
 2.106000000000000e+001,-2.411554464052137e-001, 4.208719765297142e-001,-3.490711443029153e-001
 2.107000000000000e+001,-2.416789841512059e-001, 4.206769960517267e-001,-3.490711343503964e-001
 2.108000000000000e+001,-2.423574818210955e-001, 4.203553325034146e-001,-3.490711219585677e-001
 2.109000000000000e+001,-2.431267907303334e-001, 4.199849584493007e-001,-3.490711102935535e-001
 2.110000000000000e+001,-2.439112789107728e-001, 4.196514505140958e-001,-3.490711025588512e-001
 2.111000000000000e+001,-2.446454124574184e-001, 4.194278612212554e-001,-3.490711012802881e-001
 2.112000000000000e+001,-2.452908013909183e-001, 4.193580443288938e-001,-3.490711077802461e-001
 2.113000000000000e+001,-2.458352390048420e-001, 4.194563428180949e-001,-3.490711222485935e-001
 2.114000000000000e+001,-2.462832499293014e-001, 4.197154206316229e-001,-3.490711441005553e-001
 2.115000000000000e+001,-2.466465575912419e-001, 4.201144556509682e-001,-3.490711723312543e-001
 2.116000000000000e+001,-2.469383196984300e-001, 4.206255358156321e-001,-3.490712057307152e-001
 2.117000000000000e+001,-2.471710651571830e-001, 4.212185672097037e-001,-3.490712429558424e-001
 2.118000000000000e+001,-2.473558784026721e-001, 4.218657901412490e-001,-3.490712825950875e-001
 2.119000000000000e+001,-2.475022983663447e-001, 4.225455306955004e-001,-3.490713233308052e-001
 2.120000000000000e+001,-2.476197767522999e-001, 4.232439771952743e-001,-3.490713641624327e-001
 2.121000000000000e+001,-2.477194586033551e-001, 4.239547181907291e-001,-3.490714045646635e-001
 2.122000000000000e+001,-2.478126381164685e-001, 4.246770342737565e-001,-3.490714445324459e-001
 2.123000000000000e+001,-2.479051479173214e-001, 4.254143872003342e-001,-3.490714845648143e-001
 2.124000000000000e+001,-2.479923388843295e-001, 4.261733191536303e-001,-3.490715255855025e-001
 2.125000000000000e+001,-2.480594315674398e-001, 4.269615230748327e-001,-3.490715687593679e-001
 2.126000000000000e+001,-2.480854446749536e-001, 4.277850829120919e-001,-3.490716152933676e-001
 2.127000000000000e+001,-2.480456798518425e-001, 4.286466667676052e-001,-3.490716663574622e-001
 2.128000000000000e+001,-2.479146349208796e-001, 4.295451628270970e-001,-3.490717230909386e-001
 2.129000000000000e+001,-2.476733068755752e-001, 4.304755835119705e-001,-3.490717865726463e-001
 2.130000000000000e+001,-2.473166594840306e-001, 4.314286976037385e-001,-3.490718577148556e-001
 2.131000000000000e+001,-2.468566511977435e-001, 4.323903310452388e-001,-3.490719371131164e-001
 2.132000000000000e+001,-2.463239843804505e-001, 4.333399499159523e-001,-3.490720248854822e-001
 2.133000000000000e+001,-2.457688501836190e-001, 4.342500592375205e-001,-3.490721205218217e-001
 2.134000000000000e+001,-2.452513297368731e-001, 4.350897954333874e-001,-3.490722228061984e-001
 2.135000000000000e+001,-2.448214012633628e-001, 4.358317567605157e-001,-3.490723298168143e-001
 2.136000000000000e+001,-2.445051621047621e-001, 4.364550211296767e-001,-3.490724387751087e-001
 2.137000000000000e+001,-2.443034333988696e-001, 4.369398074919286e-001,-3.490725455379522e-001
 2.138000000000000e+001,-2.441939470945204e-001, 4.372613633083406e-001,-3.490726444295717e-001
 2.139000000000000e+001,-2.441360736993982e-001, 4.373961687564789e-001,-3.490727296948497e-001
 2.140000000000000e+001,-2.440808630573311e-001, 4.373362908213636e-001,-3.490727979100618e-001
 2.141000000000000e+001,-2.439818886654323e-001, 4.370930814891105e-001,-3.490728488484334e-001
 2.142000000000000e+001,-2.438026058519171e-001, 4.366886773600376e-001,-3.490728843322903e-001
 2.143000000000000e+001,-2.435195016917990e-001, 4.361505767540550e-001,-3.490729070064469e-001
 2.144000000000000e+001,-2.431222992114343e-001, 4.355137430888756e-001,-3.490729200266158e-001
 2.145000000000000e+001,-2.426146637296800e-001, 4.348234186243971e-001,-3.490729269983141e-001
 2.146000000000000e+001,-2.420174998543964e-001, 4.341331688156793e-001,-3.490729314602524e-001
 2.147000000000000e+001,-2.413707236127911e-001, 4.334969769988244e-001,-3.490729360274806e-001
 2.148000000000000e+001,-2.407253356658103e-001, 4.329602587801307e-001,-3.490729419304104e-001
 2.149000000000000e+001,-2.401273180899166e-001, 4.325551617792993e-001,-3.490729493571894e-001
 2.150000000000000e+001,-2.396054672424650e-001, 4.322991370529508e-001,-3.490729581246486e-001
 2.151000000000000e+001,-2.391675964801253e-001, 4.321952425202260e-001,-3.490729681166332e-001
 2.152000000000000e+001,-2.388016265386830e-001, 4.322355913849307e-001,-3.490729795056123e-001
 2.153000000000000e+001,-2.384814347376252e-001, 4.324060866726085e-001,-3.490729928544236e-001
 2.154000000000000e+001,-2.381760582328362e-001, 4.326887795170700e-001,-3.490730089884701e-001
 2.155000000000000e+001,-2.378565422195766e-001, 4.330629226870446e-001,-3.490730287125883e-001
 2.156000000000000e+001,-2.374992481828004e-001, 4.335068208713240e-001,-3.490730525842597e-001
 2.157000000000000e+001,-2.370885197323630e-001, 4.339997685755654e-001,-3.490730807769943e-001
 2.158000000000000e+001,-2.366179064269038e-001, 4.345240564721613e-001,-3.490731130625636e-001
 2.159000000000000e+001,-2.360888986004228e-001, 4.350673637648304e-001,-3.490731490120290e-001
 2.160000000000000e+001,-2.355082151952320e-001, 4.356240995690659e-001,-3.490731882765949e-001
 2.161000000000000e+001,-2.348831909742014e-001, 4.361946869217663e-001,-3.490732306574818e-001
 2.162000000000000e+001,-2.342160790949819e-001, 4.367834932479355e-001,-3.490732759660826e-001
 2.163000000000000e+001,-2.335007262155340e-001, 4.373968464057021e-001,-3.490733239183087e-001
 2.164000000000000e+001,-2.327240812219957e-001, 4.380419490549279e-001,-3.490733741538168e-001
 2.165000000000000e+001,-2.318709038696946e-001, 4.387264163192572e-001,-3.490734263027891e-001
 2.166000000000000e+001,-2.309276114846407e-001, 4.394574677034067e-001,-3.490734800362853e-001
 2.167000000000000e+001,-2.298842487616973e-001, 4.402394632177658e-001,-3.490735350473041e-001
 2.168000000000000e+001,-2.287367612685256e-001, 4.410703709652855e-001,-3.490735909611814e-001
 2.169000000000000e+001,-2.274908151256312e-001, 4.419398966864778e-001,-3.490736472250982e-001
 2.170000000000000e+001,-2.261651423808598e-001, 4.428302408729610e-001,-3.490737030004684e-001
 2.171000000000000e+001,-2.247908280497315e-001, 4.437187094127839e-001,-3.490737571822376e-001
 2.172000000000000e+001,-2.234060268415744e-001, 4.445820754274703e-001,-3.490738086138277e-001
 2.173000000000000e+001,-2.220492258539812e-001, 4.454010971535727e-001,-3.490738562721044e-001
 2.174000000000000e+001,-2.207538277010341e-001, 4.461620557288555e-001,-3.490738993123670e-001
 2.175000000000000e+001,-2.195445175973344e-001, 4.468550429098308e-001,-3.490739371305873e-001
 2.176000000000000e+001,-2.184346609073904e-001, 4.474725081394915e-001,-3.490739694614854e-001
 2.177000000000000e+001,-2.174251389447459e-001, 4.480113629070797e-001,-3.490739964100577e-001
 2.178000000000000e+001,-2.165065116103640e-001, 4.484770994450489e-001,-3.490740184335313e-001
 2.179000000000000e+001,-2.156647125595845e-001, 4.488859876576856e-001,-3.490740363747665e-001
 2.180000000000000e+001,-2.148871402375097e-001, 4.492642261272526e-001,-3.490740515380479e-001
 2.181000000000000e+001,-2.141654654000529e-001, 4.496437487897287e-001,-3.490740655895033e-001
 2.182000000000000e+001,-2.134836370497810e-001, 4.500524879396768e-001,-3.490740633810457e-001
 2.183000000000000e+001,-2.128677700113080e-001, 4.505164551032657e-001,-3.490740829325494e-001
 2.184000000000000e+001,-2.123073656117723e-001, 4.510415107821180e-001,-3.490741043860498e-001
 2.185000000000000e+001,-2.118083265900523e-001, 4.516254644554953e-001,-3.490741277382161e-001
 2.186000000000000e+001,-2.113750221583577e-001, 4.522594340393820e-001,-3.490741523916456e-001
 2.187000000000000e+001,-2.110084495310427e-001, 4.529320439464273e-001,-3.490741775980965e-001
 2.188000000000000e+001,-2.107060767390782e-001, 4.536313884953631e-001,-3.490742027589741e-001
 2.189000000000000e+001,-2.104626125941285e-001, 4.543450260423689e-001,-3.490742275165366e-001
 2.190000000000000e+001,-2.102708034415904e-001, 4.550602682822802e-001,-3.490742517202488e-001
 2.191000000000000e+001,-2.101216352021141e-001, 4.557659791418622e-001,-3.490742753738064e-001
 2.192000000000000e+001,-2.100050124202002e-001, 4.564543975254702e-001,-3.490742985967122e-001
 2.193000000000000e+001,-2.099115037344325e-001, 4.571204776980784e-001,-3.490743215476882e-001
 2.194000000000000e+001,-2.098340785374200e-001, 4.577588519645595e-001,-3.490743442841920e-001
 2.195000000000000e+001,-2.097697915931081e-001, 4.583614348753242e-001,-3.490743666462932e-001
 2.196000000000000e+001,-2.097208565452444e-001, 4.589174349283196e-001,-3.490743882282421e-001
 2.197000000000000e+001,-2.096932143145165e-001, 4.594143460839251e-001,-3.490744083972652e-001
 2.198000000000000e+001,-2.096929109511433e-001, 4.598384058897045e-001,-3.490744263423976e-001
 2.199000000000000e+001,-2.097224012869136e-001, 4.601753944257181e-001,-3.490744411846964e-001
 2.200000000000000e+001,-2.097787865571388e-001, 4.604130816454708e-001,-3.490744521213087e-001
 2.201000000000000e+001,-2.098554991057140e-001, 4.605445620115087e-001,-3.490744585703911e-001
 2.202000000000000e+001,-2.099459454582151e-001, 4.605697636166566e-001,-3.490744602876705e-001
 2.203000000000000e+001,-2.100448289247160e-001, 4.604933666532773e-001,-3.490744573331568e-001
 2.204000000000000e+001,-2.101465311501704e-001, 4.603217290382364e-001,-3.490744498809382e-001
 2.205000000000000e+001,-2.102446864888738e-001, 4.600626636203722e-001,-3.490744380802139e-001
 2.206000000000000e+001,-2.103346673528846e-001, 4.597264538721033e-001,-3.490744220696586e-001
 2.207000000000000e+001,-2.104167221316872e-001, 4.593239808902443e-001,-3.490744020319067e-001
 2.208000000000000e+001,-2.104980649117882e-001, 4.588636361404732e-001,-3.490743782371089e-001
 2.209000000000000e+001,-2.105628655119191e-001, 4.583435902673183e-001,-3.490743197033908e-001
 2.210000000000000e+001,-2.106923609386384e-001, 4.577844681156229e-001,-3.490742876438102e-001
 2.211000000000000e+001,-2.108831895263474e-001, 4.571852465710160e-001,-3.490742535667145e-001
 2.212000000000000e+001,-2.111604676367286e-001, 4.565521615811732e-001,-3.490742179818983e-001
 2.213000000000000e+001,-2.115456725349912e-001, 4.558922360958346e-001,-3.490741812955376e-001
 2.214000000000000e+001,-2.120531755464304e-001, 4.552150755968238e-001,-3.490741439289273e-001
 2.215000000000000e+001,-2.126885759220875e-001, 4.545321100913990e-001,-3.490741062960820e-001
 2.216000000000000e+001,-2.134496962337807e-001, 4.538527266900045e-001,-3.490740686148911e-001
 2.217000000000000e+001,-2.143269713424259e-001, 4.531829270457504e-001,-3.490740309458081e-001
 2.218000000000000e+001,-2.153020456397470e-001, 4.525271611437418e-001,-3.490739934455382e-001
 2.219000000000000e+001,-2.163486972611226e-001, 4.518884452036605e-001,-3.490739563786550e-001
 2.220000000000000e+001,-2.174378766043079e-001, 4.512679046807855e-001,-3.490739199374334e-001
 2.221000000000000e+001,-2.185419931575843e-001, 4.506666698123913e-001,-3.490738842256344e-001
 2.222000000000000e+001,-2.196348503961562e-001, 4.500876921224344e-001,-3.490738493563769e-001
 2.223000000000000e+001,-2.206907323320248e-001, 4.495357487391822e-001,-3.490738154612786e-001
 2.224000000000000e+001,-2.216863044386556e-001, 4.490163277056583e-001,-3.490737826342806e-001
 2.225000000000000e+001,-2.226036853292911e-001, 4.485341611191576e-001,-3.490737509569633e-001
 2.226000000000000e+001,-2.234317363774668e-001, 4.480932905827193e-001,-3.490737206243587e-001
 2.227000000000000e+001,-2.241655463406569e-001, 4.476980136145556e-001,-3.490736919769391e-001
 2.228000000000000e+001,-2.248067814698945e-001, 4.473514626407398e-001,-3.490736653560276e-001
 2.229000000000000e+001,-2.253655642143956e-001, 4.470529385995938e-001,-3.490736409786746e-001
 2.230000000000000e+001,-2.258598405798629e-001, 4.467977954488926e-001,-3.490736189484794e-001
 2.231000000000000e+001,-2.263097281793820e-001, 4.465808619977110e-001,-3.490735993351364e-001
 2.232000000000000e+001,-2.267305880905133e-001, 4.464014004360573e-001,-3.490735822492275e-001
 2.233000000000000e+001,-2.271294692506333e-001, 4.462656335300399e-001,-3.490735678774980e-001
 2.234000000000000e+001,-2.275052547914484e-001, 4.461850944689401e-001,-3.490735565055039e-001
 2.235000000000000e+001,-2.278511494772204e-001, 4.461737859202946e-001,-3.490735484851713e-001
 2.236000000000000e+001,-2.281589536421554e-001, 4.462456220923203e-001,-3.490735439793908e-001
 2.237000000000000e+001,-2.284230617212154e-001, 4.464101718312867e-001,-3.490735425077476e-001
 2.238000000000000e+001,-2.286419831762436e-001, 4.466680423620566e-001,-3.490735426127965e-001
 2.239000000000000e+001,-2.288181608944683e-001, 4.470092192788437e-001,-3.490735418527776e-001
 2.240000000000000e+001,-2.289575077262330e-001, 4.474131537731545e-001,-3.490735369638475e-001
 2.241000000000000e+001,-2.290693678691443e-001, 4.478477441124535e-001,-3.490735239848893e-001
 2.242000000000000e+001,-2.291673732488230e-001, 4.482697640143143e-001,-3.490734985800599e-001
 2.243000000000000e+001,-2.292697367365201e-001, 4.486329358587138e-001,-3.490734570087457e-001
 2.244000000000000e+001,-2.293974101847786e-001, 4.489014962020212e-001,-3.490733974860849e-001
 2.245000000000000e+001,-2.295714907273237e-001, 4.490602005340423e-001,-3.490733212530239e-001
 2.246000000000000e+001,-2.298106706209494e-001, 4.491178250173638e-001,-3.490732328825266e-001
 2.247000000000000e+001,-2.301272087206298e-001, 4.491027714925084e-001,-3.490731391593593e-001
 2.248000000000000e+001,-2.305228164886190e-001, 4.490504387860594e-001,-3.490730468489213e-001
 2.249000000000000e+001,-2.309872462646027e-001, 4.489914173600624e-001,-3.490729611814810e-001
 2.250000000000000e+001,-2.314977129088779e-001, 4.489472771290242e-001,-3.490728858092879e-001
 2.251000000000000e+001,-2.320197329972719e-001, 4.489310677775431e-001,-3.490728232367901e-001
 2.252000000000000e+001,-2.325163311010173e-001, 4.489494486362946e-001,-3.490727748470231e-001
 2.253000000000000e+001,-2.329622841842380e-001, 4.490048307567911e-001,-3.490727405977158e-001
 2.254000000000000e+001,-2.333488977137734e-001, 4.490955702283146e-001,-3.490727189192457e-001
 2.255000000000000e+001,-2.336772579632006e-001, 4.492157778845773e-001,-3.490727070630610e-001
 2.256000000000000e+001,-2.339510633933431e-001, 4.493580725210009e-001,-3.490727017742602e-001
 2.257000000000000e+001,-2.341749445500526e-001, 4.495177043405718e-001,-3.490727000220230e-001
 2.258000000000000e+001,-2.343569020280855e-001, 4.496936878727609e-001,-3.490726994317519e-001
 2.259000000000000e+001,-2.345112256835483e-001, 4.498863510325701e-001,-3.490726982841792e-001
 2.260000000000000e+001,-2.346575851309413e-001, 4.500937200235164e-001,-3.490726953636181e-001
 2.261000000000000e+001,-2.348151019261847e-001, 4.503088371083144e-001,-3.490726899526310e-001
 2.262000000000000e+001,-2.349960786783354e-001, 4.505199409691498e-001,-3.490726818924345e-001
 2.263000000000000e+001,-2.352057117510720e-001, 4.507141622094257e-001,-3.490726715043799e-001
 2.264000000000000e+001,-2.354466294444423e-001, 4.508818655331264e-001,-3.490726594235311e-001
 2.265000000000000e+001,-2.357221562391614e-001, 4.510173012053016e-001,-3.490726464031290e-001
 2.266000000000000e+001,-2.360392004906842e-001, 4.511138373525843e-001,-3.490726330136882e-001
 2.267000000000000e+001,-2.364139806658195e-001, 4.511572286305885e-001,-3.490726193691466e-001
 2.268000000000000e+001,-2.368760067546963e-001, 4.511220716201674e-001,-3.490726050516894e-001
 2.269000000000000e+001,-2.374656262381525e-001, 4.509719031267661e-001,-3.490725891162393e-001
 2.270000000000000e+001,-2.382262343090136e-001, 4.506615085157351e-001,-3.490725700992202e-001
 2.271000000000000e+001,-2.391930385517715e-001, 4.501429161659036e-001,-3.490725461872328e-001
 2.272000000000000e+001,-2.403826344022844e-001, 4.493764335945998e-001,-3.490725156450135e-001
 2.273000000000000e+001,-2.417878860289178e-001, 4.483439561615810e-001,-3.490724773830025e-001
 2.274000000000000e+001,-2.433749866945638e-001, 4.470606523322358e-001,-3.490724314750098e-001
 2.275000000000000e+001,-2.450791585278280e-001, 4.455833314125524e-001,-3.490723795157717e-001
 2.276000000000000e+001,-2.468073401890459e-001, 4.440074491114940e-001,-3.490723245139827e-001
 2.277000000000000e+001,-2.484597302136004e-001, 4.424424297872607e-001,-3.490722699672043e-001
 2.278000000000000e+001,-2.499615772266914e-001, 4.409776380988317e-001,-3.490722185953166e-001
 2.279000000000000e+001,-2.512805568955564e-001, 4.396650702906708e-001,-3.490721717584298e-001
 2.280000000000000e+001,-2.524209345321383e-001, 4.385232644132222e-001,-3.490721297743976e-001
 2.281000000000000e+001,-2.534058230981850e-001, 4.375484419337212e-001,-3.490720924736800e-001
 2.282000000000000e+001,-2.542604889933298e-001, 4.367243745001661e-001,-3.490720594913166e-001
 2.283000000000000e+001,-2.550039660609846e-001, 4.360304394335894e-001,-3.490720303293818e-001
 2.284000000000000e+001,-2.556492871598733e-001, 4.354481829072607e-001,-3.490720044181294e-001
 2.285000000000000e+001,-2.562069534155263e-001, 4.349651886638100e-001,-3.490719812176831e-001
 2.286000000000000e+001,-2.566879732706445e-001, 4.345751450976145e-001,-3.490719601919081e-001
 2.287000000000000e+001,-2.571073288294569e-001, 4.342753188480186e-001,-3.490719406121711e-001
 2.288000000000000e+001,-2.574885051423749e-001, 4.340634757784030e-001,-3.490719213764827e-001
 2.289000000000000e+001,-2.578664743602391e-001, 4.339363266260139e-001,-3.490719010706619e-001
 2.290000000000000e+001,-2.582838852812127e-001, 4.338914544176946e-001,-3.490718783058248e-001
 2.291000000000000e+001,-2.587785495806051e-001, 4.339308824641401e-001,-3.490718520704343e-001
 2.292000000000000e+001,-2.593693557982866e-001, 4.340617169219689e-001,-3.490718218570452e-001
 2.293000000000000e+001,-2.600491337578881e-001, 4.342922499774524e-001,-3.490717875943769e-001
 2.294000000000000e+001,-2.607837260337087e-001, 4.346246283136663e-001,-3.490717494931654e-001
 2.295000000000000e+001,-2.615109298231699e-001, 4.350449171724782e-001,-3.490717078564622e-001
 2.296000000000000e+001,-2.621360534174879e-001, 4.355119980394104e-001,-3.490716629601716e-001
 2.297000000000000e+001,-2.625254090052696e-001, 4.359474361138582e-001,-3.490716151506224e-001
 2.298000000000000e+001,-2.624977818757325e-001, 4.362287722570297e-001,-3.490715641530268e-001
 2.299000000000000e+001,-2.522568584137424e-001, 4.413705025055719e-001,-3.490691068221160e-001
 2.300000000000000e+001,-2.384492505384806e-001, 4.473575888739085e-001,-3.490658522423709e-001
 2.301000000000000e+001,-2.360108217444919e-001, 4.456366100762903e-001,-3.490662342134795e-001
 2.302000000000000e+001,-2.201879655385407e-001, 4.312441206511513e-001,-3.490658503783344e-001
 2.303000000000000e+001,-2.109108915238799e-001, 4.121160363952425e-001,-3.490658503888091e-001
 2.304000000000000e+001,-1.948366089189219e-001, 3.977813380553181e-001,-3.490658503890863e-001
 2.305000000000000e+001,-1.794162569773352e-001, 3.838781398161368e-001,-3.490658503891655e-001
 2.306000000000000e+001,-1.642636737872486e-001, 3.700420266491349e-001,-3.490658503899972e-001
 2.307000000000000e+001,-1.492766654563048e-001, 3.562815252025193e-001,-3.490658503906610e-001
 2.308000000000000e+001,-1.335078826000630e-001, 3.425796237108023e-001,-3.490658503919039e-001
 2.309000000000000e+001,-1.177664391535379e-001, 3.291013502721083e-001,-3.490658503926655e-001
 2.310000000000000e+001,-1.020818567970544e-001, 3.156015614008165e-001,-3.490658503922340e-001
 2.311000000000000e+001,-8.785342417165649e-002, 3.023232425292080e-001,-3.490658503928060e-001
 2.312000000000000e+001,-7.229559048225767e-002, 2.893670198045750e-001,-3.490658503932667e-001
 2.313000000000000e+001,-5.854683819038857e-002, 2.764036926396336e-001,-3.490658503935909e-001
 2.314000000000000e+001,-4.489658748946414e-002, 2.635706323064784e-001,-3.490658503935867e-001
 2.315000000000000e+001,-2.961926832554248e-002, 2.512759431464882e-001,-3.490658503940213e-001
 2.316000000000000e+001,-1.621183720289576e-002, 2.389038659936436e-001,-3.490658503956730e-001
 2.317000000000000e+001,-1.271158596186569e-003, 2.271245363479644e-001,-3.490658503961047e-001
 2.318000000000000e+001, 1.216128561929635e-002, 2.151272379430482e-001,-3.490658503963975e-001
 2.319000000000000e+001, 2.700057454154214e-002, 2.044396853137998e-001,-3.490658503951052e-001
 2.320000000000000e+001, 3.889431382145458e-002, 1.928138914979478e-001,-3.490658503965445e-001
 2.321000000000000e+001, 5.264874682976366e-002, 1.820694484166709e-001,-3.490658503954798e-001
 2.322000000000000e+001, 6.319164789456977e-002, 1.709089785254441e-001,-3.490658503953474e-001
 2.323000000000000e+001, 7.355071997892039e-002, 1.598337812238007e-001,-3.490658503962547e-001
 2.324000000000000e+001, 8.501625649174810e-002, 1.506049389264188e-001,-3.490658503961514e-001
 2.325000000000000e+001, 9.559495273367465e-002, 1.417045172362217e-001,-3.490658503950724e-001
 2.326000000000000e+001, 1.055409017407648e-001, 1.332078350107340e-001,-3.490658503928755e-001
 2.327000000000000e+001, 1.145319884949806e-001, 1.238802718704690e-001,-3.490658503959810e-001
 2.328000000000000e+001, 1.234887531720039e-001, 1.160991956289030e-001,-3.490658503955801e-001
 2.329000000000000e+001, 1.324697329224307e-001, 1.087891294828025e-001,-3.490658503958171e-001
 2.330000000000000e+001, 1.416073150559909e-001, 1.019615992739535e-001,-3.490658503974885e-001
 2.331000000000000e+001, 1.508932820529147e-001, 9.562246782618833e-002,-3.490658503972489e-001
 2.332000000000000e+001, 1.598269148178458e-001, 9.004819517623042e-002,-3.490658503978183e-001
 2.333000000000000e+001, 1.633982021947939e-001, 8.093584228766071e-002,-3.490658503982734e-001
 2.334000000000000e+001, 1.724977758435236e-001, 7.638824888612650e-002,-3.490658503987593e-001
 2.335000000000000e+001, 1.784582190912401e-001, 7.135005585029908e-002,-3.490658503985908e-001
 2.336000000000000e+001, 1.842126817148005e-001, 6.532192742284226e-002,-3.490658503986944e-001
 2.337000000000000e+001, 1.899593080160136e-001, 6.118374371330093e-002,-3.490658503987366e-001
