Main.Studies.MarkerTracking.t,Main.Studies.MarkerTracking.JointAngleOutputs.OutputFile_RightShoulder.SternoClavicularProtraction,Main.Studies.MarkerTracking.JointAngleOutputs.OutputFile_RightShoulder.ScapulaClavicularElevation,Main.Studies.MarkerTracking.JointAngleOutputs.OutputFile_RightShoulder.SternoClavicularAxialRotation
 5.620000000000000e+000,-5.762018656683356e-001, 3.700625076240840e-001,-3.490658503988521e-001
 5.630000000000000e+000,-5.753070474733401e-001, 3.705157726730319e-001,-3.490658503950676e-001
 5.640000000000000e+000,-5.731573516964565e-001, 3.730901892403362e-001,-3.490658503936244e-001
 5.650000000000000e+000,-5.736620074698559e-001, 3.742110502507154e-001,-3.490658503924541e-001
 5.660000000000000e+000,-5.730827766456109e-001, 3.759428235365099e-001,-3.490658503865411e-001
 5.670000000000000e+000,-5.749896888110827e-001, 3.788601975758064e-001,-3.490658503767331e-001
 5.680000000000000e+000,-5.756403378054575e-001, 3.832778249553299e-001,-3.490658503984779e-001
 5.690000000000000e+000,-5.799978890108437e-001, 3.889816262125312e-001,-3.490658503982598e-001
 5.700000000000000e+000,-5.816133293441932e-001, 3.928248169632647e-001,-3.490658503980069e-001
 5.710000000000000e+000,-5.835647473514697e-001, 4.008930714133432e-001,-3.490658503977673e-001
 5.720000000000000e+000,-5.863446892484382e-001, 4.105035564743904e-001,-3.490658503975226e-001
 5.730000000000000e+000,-5.954336355225449e-001, 4.227724483576911e-001,-3.490658503973103e-001
 5.740000000000000e+000,-5.986303626091629e-001, 4.343659826978692e-001,-3.490658503973427e-001
 5.750000000000000e+000,-6.084228932195772e-001, 4.475072464122911e-001,-3.490658503971502e-001
 5.760000000000000e+000,-6.147986887356877e-001, 4.563384018165717e-001,-3.490658503970486e-001
 5.770000000000001e+000,-6.235329446353454e-001, 4.682678091352832e-001,-3.490658503982633e-001
 5.780000000000000e+000,-6.324722456343663e-001, 4.802676175775980e-001,-3.490658503975021e-001
 5.790000000000000e+000,-6.417386831246337e-001, 4.925171110500002e-001,-3.490658503991690e-001
 5.800000000000000e+000,-6.516873733578668e-001, 5.053666555617311e-001,-3.490658503972285e-001
 5.810000000000001e+000,-6.561688167714495e-001, 5.204018525348535e-001,-3.490658503973612e-001
 5.820000000000000e+000,-6.655733478696755e-001, 5.323297739641106e-001,-3.490658503981033e-001
 5.830000000000000e+000,-6.701492622260241e-001, 5.470261845534898e-001,-3.490658503976420e-001
 5.840000000000000e+000,-6.750198689521798e-001, 5.616802282837834e-001,-3.490658503977742e-001
 5.850000000000000e+000,-6.845523149599270e-001, 5.732422512402265e-001,-3.490658503978891e-001
 5.860000000000000e+000,-6.944287298206610e-001, 5.852451633168100e-001,-3.490658503979998e-001
 5.870000000000000e+000,-7.041345929941599e-001, 5.966464554964707e-001,-3.490658503994530e-001
 5.880000000000000e+000,-7.091022463395454e-001, 6.065492261980705e-001,-3.490658503984863e-001
 5.890000000000000e+000,-7.169413094303817e-001, 6.167046960335307e-001,-3.490658503976245e-001
 5.900000000000000e+000,-7.247023248619284e-001, 6.272129856414193e-001,-3.490658503986853e-001
 5.910000000000000e+000,-7.259047815804326e-001, 6.403147900028006e-001,-3.490658504002281e-001
 5.920000000000000e+000,-7.341299408372078e-001, 6.501795967313252e-001,-3.490658503978790e-001
 5.930000000000000e+000,-7.433026751356845e-001, 6.593912465287732e-001,-3.490658504007683e-001
 5.940000000000000e+000,-7.528015363411232e-001, 6.684061132965866e-001,-3.490658504003846e-001
 5.950000000000000e+000,-7.613958233031761e-001, 6.767500758051721e-001,-3.490658503997887e-001
 5.960000000000000e+000,-2.188636884136476e-001, 3.387900814774880e-001,-3.490659369447184e-001
 5.970000000000000e+000,-2.231072944844326e-001, 3.423935868004859e-001,-3.490658512035593e-001
 5.980000000000000e+000,-2.365763299963139e-001, 3.407098497497758e-001,-3.490673135950251e-001
 5.990000000000000e+000,-2.481892150789038e-001, 3.395229936173225e-001,-3.490684804624245e-001
 6.000000000000000e+000,-2.528253028195762e-001, 3.413764208265839e-001,-3.490685693580538e-001
 6.010000000000000e+000,-2.571413120854286e-001, 3.430719067629284e-001,-3.490686545460676e-001
 6.020000000000000e+000,-2.610446254564900e-001, 3.446063270359479e-001,-3.490687328887234e-001
 6.030000000000000e+000,-2.644389307309234e-001, 3.459378025567230e-001,-3.490688013696563e-001
 6.040000000000000e+000,-2.672406304265186e-001, 3.470190524816617e-001,-3.490688580989984e-001
 6.050000000000000e+000,-2.693974271551620e-001, 3.478264555973869e-001,-3.490689027992829e-001
 6.060000000000000e+000,-2.708889061231498e-001, 3.483674172141118e-001,-3.490689339924926e-001
 6.070000000000000e+000,-2.717541299221530e-001, 3.486780490413908e-001,-3.490689589554137e-001
 6.080000000000000e+000,-2.720362572925089e-001, 3.488031745521758e-001,-3.490689779930219e-001
 6.090000000000000e+000,-2.718049435875834e-001, 3.487910359122270e-001,-3.490689934279258e-001
 6.100000000000000e+000,-2.711407898052547e-001, 3.486872560561360e-001,-3.490690070999837e-001
 6.110000000000000e+000,-2.701272831188109e-001, 3.485332723197872e-001,-3.490690203823490e-001
 6.120000000000000e+000,-2.688445331876654e-001, 3.483658040134459e-001,-3.490690343124595e-001
 6.130000000000000e+000,-2.673663240541569e-001, 3.482156535053846e-001,-3.490690496988848e-001
 6.140000000000000e+000,-2.657591371081555e-001, 3.481061941594652e-001,-3.490690671337799e-001
 6.150000000000000e+000,-2.640800240533150e-001, 3.480541655039047e-001,-3.490690870085777e-001
 6.160000000000000e+000,-2.623724710633676e-001, 3.480720827881596e-001,-3.490691096149142e-001
 6.170000000000000e+000,-2.606652053609645e-001, 3.481682823466308e-001,-3.490691351524147e-001
 6.180000000000000e+000,-2.589762273553961e-001, 3.483447251780232e-001,-3.490691635320526e-001
 6.190000000000000e+000,-2.573168354693329e-001, 3.485962795638478e-001,-3.490691942050203e-001
 6.200000000000000e+000,-2.556938079441859e-001, 3.489129577294405e-001,-3.490692262323443e-001
 6.210000000000000e+000,-2.541125646020537e-001, 3.492830809442644e-001,-3.490692585241968e-001
 6.220000000000000e+000,-2.525800307085399e-001, 3.496947730817048e-001,-3.490692900616527e-001
 6.230000000000000e+000,-2.511042874312280e-001, 3.501362045044403e-001,-3.490693200383209e-001
 6.240000000000000e+000,-2.496924835319631e-001, 3.505972083454807e-001,-3.490693479881076e-001
 6.250000000000000e+000,-2.483511332785942e-001, 3.510725625621192e-001,-3.490693738985150e-001
 6.260000000000000e+000,-2.470883532094770e-001, 3.515638405843726e-001,-3.490693982009459e-001
 6.270000000000000e+000,-2.459132071247787e-001, 3.520782627539467e-001,-3.490694216098482e-001
 6.280000000000000e+000,-2.448329450495442e-001, 3.526268103415546e-001,-3.490694449300603e-001
 6.290000000000000e+000,-2.438517012801878e-001, 3.532228222125375e-001,-3.490694689378380e-001
 6.300000000000000e+000,-2.429687783349821e-001, 3.538793575555290e-001,-3.490694943271999e-001
 6.310000000000000e+000,-2.421761070339439e-001, 3.546050095947886e-001,-3.490695216808833e-001
 6.320000000000000e+000,-2.414582761428535e-001, 3.554003924082405e-001,-3.490695514258027e-001
 6.330000000000000e+000,-2.407939556296050e-001, 3.562568719940571e-001,-3.490695837612517e-001
 6.340000000000000e+000,-2.401559870187617e-001, 3.571586138561058e-001,-3.490696186711580e-001
 6.350000000000000e+000,-2.395127496020823e-001, 3.580882663287577e-001,-3.490696560634222e-001
 6.359999999999999e+000,-2.388316836262575e-001, 3.590322836347253e-001,-3.490696958515507e-001
 6.370000000000000e+000,-2.380819914310083e-001, 3.599817208784057e-001,-3.490697378795800e-001
 6.380000000000000e+000,-2.372377077858667e-001, 3.609299214488650e-001,-3.490697818307558e-001
 6.390000000000000e+000,-2.362821236187942e-001, 3.618698643656619e-001,-3.490698272413068e-001
 6.400000000000000e+000,-2.352101041565780e-001, 3.627925117939037e-001,-3.490698735924854e-001
 6.410000000000000e+000,-2.340282809497513e-001, 3.636876626963987e-001,-3.490699203928750e-001
 6.420000000000000e+000,-2.327707056770887e-001, 3.645519230398890e-001,-3.490699854961109e-001
 6.430000000000000e+000,-2.314412151403959e-001, 3.653680026645731e-001,-3.490700326718784e-001
 6.440000000000000e+000,-2.300922940094921e-001, 3.661364690832367e-001,-3.490700788782982e-001
 6.450000000000000e+000,-2.287585217903872e-001, 3.668562400967153e-001,-3.490701237650662e-001
 6.460000000000000e+000,-2.274658164312542e-001, 3.675335392074675e-001,-3.490701672417191e-001
 6.470000000000000e+000,-2.262321799829186e-001, 3.681827364526114e-001,-3.490702094511221e-001
 6.480000000000000e+000,-2.250683743587588e-001, 3.688235082234004e-001,-3.490702506442658e-001
 6.490000000000000e+000,-2.239770881718913e-001, 3.694774360939892e-001,-3.490702911158691e-001
 6.500000000000000e+000,-2.229536940138372e-001, 3.701653122220723e-001,-3.490703312575217e-001
 6.510000000000000e+000,-2.219891103165873e-001, 3.709049698264584e-001,-3.490703715899027e-001
 6.520000000000000e+000,-2.210719987027970e-001, 3.717097831217040e-001,-3.490704126684678e-001
 6.529999999999999e+000,-2.201907506785371e-001, 3.725869541973721e-001,-3.490704549037255e-001
 6.540000000000000e+000,-2.193382668383510e-001, 3.735354366671215e-001,-3.490704983891563e-001
 6.550000000000000e+000,-2.185164696213805e-001, 3.745463803621227e-001,-3.490705428939289e-001
 6.560000000000000e+000,-2.177352336999988e-001, 3.756070270050336e-001,-3.490705880522350e-001
 6.570000000000000e+000,-2.170083569443287e-001, 3.767037141072513e-001,-3.490706335221169e-001
 6.580000000000000e+000,-2.163511913886592e-001, 3.778216082314718e-001,-3.490706789894252e-001
 6.590000000000000e+000,-2.157797422464093e-001, 3.789440783949405e-001,-3.490707241463164e-001
 6.600000000000000e+000,-2.153094989319400e-001, 3.800535969701264e-001,-3.490707687406804e-001
 6.609999999999999e+000,-2.149524750277637e-001, 3.811328771434903e-001,-3.490708126275541e-001
 6.620000000000000e+000,-2.147156088870449e-001, 3.821656916334737e-001,-3.490708557539433e-001
 6.630000000000000e+000,-2.146061545522975e-001, 3.831381019643425e-001,-3.490708981433593e-001
 6.640000000000000e+000,-2.146395377013471e-001, 3.840397248501937e-001,-3.490709399318762e-001
 6.650000000000000e+000,-2.148410551779591e-001, 3.848643250471846e-001,-3.490709813664867e-001
 6.660000000000000e+000,-2.152423665096416e-001, 3.856092884309654e-001,-3.490710227158667e-001
 6.670000000000000e+000,-2.158764576294832e-001, 3.862741952977244e-001,-3.490710641673475e-001
 6.680000000000000e+000,-2.167728267931981e-001, 3.868606674193900e-001,-3.490711057402886e-001
 6.690000000000000e+000,-2.179571453214635e-001, 3.873731545074040e-001,-3.490711471955577e-001
 6.699999999999999e+000,-2.194510543227918e-001, 3.878170767376052e-001,-3.490711879904776e-001
 6.710000000000000e+000,-2.212588321359528e-001, 3.881961738246718e-001,-3.490712273652051e-001
 6.720000000000000e+000,-2.233476077566270e-001, 3.885146878607708e-001,-3.490712645858375e-001
 6.730000000000000e+000,-2.256419129917139e-001, 3.887825423877536e-001,-3.490712992859714e-001
 6.740000000000000e+000,-2.280305670640629e-001, 3.890174099121984e-001,-3.490713317382750e-001
 6.750000000000000e+000,-2.303776540244797e-001, 3.892432637306993e-001,-3.490713628236802e-001
 6.760000000000000e+000,-2.325481613424309e-001, 3.894868888846887e-001,-3.490713936790676e-001
 6.770000000000000e+000,-2.344432634662397e-001, 3.897719081739328e-001,-3.490714252938894e-001
 6.779999999999999e+000,-2.360175744492273e-001, 3.901125197551625e-001,-3.490714582790106e-001
 6.790000000000000e+000,-2.372715624961301e-001, 3.905108315591541e-001,-3.490714928100776e-001
 6.800000000000000e+000,-2.382353729829858e-001, 3.909589339528601e-001,-3.490715286840576e-001
 6.810000000000000e+000,-2.389553676211353e-001, 3.914430920942356e-001,-3.490715654525157e-001
 6.820000000000000e+000,-2.394849274682043e-001, 3.919459086284398e-001,-3.490716025715519e-001
 6.830000000000000e+000,-2.398772536568562e-001, 3.924460010401647e-001,-3.490716395288210e-001
 6.840000000000000e+000,-2.401780308065038e-001, 3.929190448424054e-001,-3.490716759965838e-001
 6.850000000000000e+000,-2.404188395140195e-001, 3.933424695091641e-001,-3.490717120624777e-001
 6.859999999999999e+000,-2.406137002734212e-001, 3.937027205474626e-001,-3.490717484978905e-001
 6.870000000000000e+000,-2.407591682521326e-001, 3.940021577446340e-001,-3.490717869096948e-001
 6.880000000000000e+000,-2.408388463874198e-001, 3.942599418743313e-001,-3.490718295533853e-001
 6.890000000000000e+000,-2.408345442096161e-001, 3.945025795497572e-001,-3.490718787330756e-001
 6.900000000000000e+000,-2.407387276274380e-001, 3.947496200853897e-001,-3.490719360137602e-001
 6.910000000000000e+000,-2.405585533458637e-001, 3.950053733835475e-001,-3.490720015696338e-001
 6.920000000000000e+000,-2.403122258457511e-001, 3.952590194618659e-001,-3.490720737996771e-001
 6.930000000000000e+000,-2.400245249233424e-001, 3.954885856690911e-001,-3.490721492200782e-001
 6.940000000000000e+000,-2.397221472885328e-001, 3.956693969338374e-001,-3.490722230137310e-001
 6.950000000000000e+000,-2.394265118071599e-001, 3.957881320695074e-001,-3.490722906288098e-001
 6.960000000000000e+000,-2.391472255942498e-001, 3.958517830650083e-001,-3.490723494349856e-001
 6.970000000000000e+000,-2.388824504090857e-001, 3.958820538006140e-001,-3.490723989795211e-001
 6.980000000000000e+000,-2.386257317500413e-001, 3.959032158165969e-001,-3.490724401487991e-001
 6.990000000000000e+000,-2.383726748944108e-001, 3.959340070362922e-001,-3.490724743817988e-001
 7.000000000000000e+000,-2.381234099603448e-001, 3.959846067779811e-001,-3.490725032423083e-001
 7.010000000000000e+000,-2.378802542644533e-001, 3.960583838181540e-001,-3.490725282228083e-001
 7.020000000000000e+000,-2.376415723939686e-001, 3.961577119711524e-001,-3.490725507198503e-001
 7.029999999999999e+000,-2.373980747490589e-001, 3.962874813091630e-001,-3.490725720102382e-001
 7.040000000000000e+000,-2.371378605185083e-001, 3.964511919751121e-001,-3.490725930616597e-001
 7.050000000000000e+000,-2.368558279018330e-001, 3.966440725395808e-001,-3.490726143122405e-001
 7.060000000000000e+000,-2.365594254398243e-001, 3.968502072683129e-001,-3.490726356298821e-001
 7.070000000000000e+000,-2.362688035553658e-001, 3.970449569434145e-001,-3.490726564391498e-001
 7.080000000000000e+000,-2.360111896972085e-001, 3.972004757637913e-001,-3.490726759190700e-001
 7.090000000000000e+000,-2.358113530542929e-001, 3.972918254130813e-001,-3.490726932187332e-001
 7.100000000000000e+000,-2.356848767289333e-001, 3.973015601571588e-001,-3.490727076286636e-001
 7.109999999999999e+000,-2.356375835154809e-001, 3.972214783580337e-001,-3.490727186749848e-001
 7.119999999999999e+000,-2.356665442663286e-001, 3.970516928572148e-001,-3.490727261585090e-001
 7.130000000000000e+000,-2.357593755467215e-001, 3.967994334470304e-001,-3.490727301227090e-001
 7.140000000000000e+000,-2.358958718506992e-001, 3.964794672725380e-001,-3.490727307716449e-001
 7.150000000000000e+000,-2.360545191546933e-001, 3.961136249767510e-001,-3.490727284354236e-001
 7.160000000000000e+000,-2.362188259294067e-001, 3.957260543872776e-001,-3.490727235378538e-001
 7.170000000000000e+000,-2.363786147810658e-001, 3.953362716900279e-001,-3.490727164744806e-001
 7.180000000000000e+000,-2.365268191924994e-001, 3.949556841927944e-001,-3.490727075379077e-001
 7.190000000000000e+000,-2.366558948128004e-001, 3.945895310937753e-001,-3.490726970216324e-001
 7.199999999999999e+000,-2.367337984739300e-001, 3.942372242448189e-001,-3.490726553615500e-001
 7.210000000000000e+000,-2.368057697432606e-001, 3.939105261685392e-001,-3.490726447369712e-001
 7.220000000000000e+000,-2.368465454226268e-001, 3.936099509489872e-001,-3.490726340368291e-001
 7.230000000000000e+000,-2.368615359972170e-001, 3.933393978787316e-001,-3.490726239572999e-001
 7.239999999999999e+000,-2.368596164508235e-001, 3.931003922053691e-001,-3.490726149405855e-001
 7.250000000000000e+000,-2.368514990567448e-001, 3.928921345700664e-001,-3.490726073024205e-001
 7.260000000000000e+000,-2.368477447486288e-001, 3.927122298300763e-001,-3.490726012533062e-001
 7.270000000000000e+000,-2.368560774526287e-001, 3.925572492064156e-001,-3.490725969037058e-001
 7.279999999999999e+000,-2.368793901315877e-001, 3.924233514582622e-001,-3.490725942862889e-001
 7.290000000000000e+000,-2.369159091105969e-001, 3.923072165412931e-001,-3.490725933718278e-001
 7.300000000000000e+000,-2.369605651749523e-001, 3.922072572701647e-001,-3.490725940888932e-001
 7.310000000000000e+000,-2.370062383029348e-001, 3.921244672588782e-001,-3.490725963683409e-001
 7.319999999999999e+000,-2.370453460686784e-001, 3.920623919061885e-001,-3.490726001740543e-001
 7.330000000000000e+000,-2.370721317331069e-001, 3.920265759006596e-001,-3.490726055022606e-001
 7.340000000000000e+000,-2.370843058908002e-001, 3.920232963497654e-001,-3.490726123592015e-001
 7.350000000000000e+000,-2.370829929504728e-001, 3.920569194415005e-001,-3.490726206842412e-001
 7.359999999999999e+000,-2.370714864973992e-001, 3.921271313644399e-001,-3.490726302283332e-001
 7.369999999999999e+000,-2.370538774880422e-001, 3.922282574729732e-001,-3.490726404889232e-001
 7.380000000000000e+000,-2.370350279209481e-001, 3.923500552645802e-001,-3.490726507535224e-001
 7.390000000000000e+000,-2.370218218319464e-001, 3.924783479482421e-001,-3.490726602062227e-001
 7.400000000000000e+000,-2.370231462730807e-001, 3.925968156104662e-001,-3.490726680573615e-001
 7.410000000000000e+000,-2.370479907566391e-001, 3.926910277749518e-001,-3.490726736828140e-001
 7.420000000000000e+000,-2.371032453585419e-001, 3.927524828752189e-001,-3.490726767326056e-001
 7.430000000000000e+000,-2.371918033789907e-001, 3.927804755576387e-001,-3.490726771818127e-001
 7.440000000000000e+000,-2.373115915403037e-001, 3.927819523949541e-001,-3.490726753401860e-001
 7.449999999999999e+000,-2.374563972960179e-001, 3.927699209453071e-001,-3.490726718009496e-001
 7.460000000000000e+000,-2.376180566530060e-001, 3.927608289525479e-001,-3.490726673038970e-001
 7.470000000000000e+000,-2.377879726605878e-001, 3.927725177432415e-001,-3.490726625738762e-001
 7.480000000000000e+000,-2.379564222632705e-001, 3.928234209248265e-001,-3.490726581996282e-001
 7.490000000000000e+000,-2.381115362961014e-001, 3.929311999103864e-001,-3.490726545860646e-001
 7.500000000000000e+000,-2.382207255881981e-001, 3.931043893197497e-001,-3.490726387963309e-001
 7.510000000000000e+000,-2.383113084989740e-001, 3.933622580008063e-001,-3.490726360149418e-001
 7.520000000000000e+000,-2.383589509087123e-001, 3.936998422268221e-001,-3.490726348035237e-001
 7.529999999999999e+000,-2.383650220096984e-001, 3.941086435191352e-001,-3.490726352747691e-001
 7.540000000000000e+000,-2.383413861704196e-001, 3.945698487732123e-001,-3.490726372023797e-001
 7.550000000000000e+000,-2.383113784334588e-001, 3.950525434105749e-001,-3.490726398313466e-001
 7.560000000000000e+000,-2.383064517552668e-001, 3.955158845877105e-001,-3.490726419586247e-001
 7.569999999999999e+000,-2.383576000050681e-001, 3.959200023241265e-001,-3.490726422790385e-001
 7.580000000000000e+000,-2.384861179121396e-001, 3.962397242412050e-001,-3.490726397317943e-001
 7.590000000000000e+000,-2.387004198223812e-001, 3.964690231841128e-001,-3.490726335875092e-001
 7.600000000000000e+000,-2.389983490139076e-001, 3.966157056855182e-001,-3.490726233315602e-001
 7.609999999999999e+000,-2.393697429270938e-001, 3.966956142611349e-001,-3.490726085765190e-001
 7.619999999999999e+000,-2.397976548590229e-001, 3.967298831081290e-001,-3.490725890614164e-001
 7.629999999999999e+000,-2.402587370099542e-001, 3.967426810399339e-001,-3.490725646717366e-001
 7.640000000000000e+000,-2.407240430712575e-001, 3.967585334980299e-001,-3.490725354785583e-001
 7.650000000000000e+000,-2.411623249818719e-001, 3.968004196786976e-001,-3.490725018215724e-001
 7.660000000000000e+000,-2.415444519242279e-001, 3.968889553013255e-001,-3.490724644519033e-001
 7.670000000000000e+000,-2.418470761431991e-001, 3.970412275302830e-001,-3.490724247325119e-001
 7.680000000000000e+000,-2.420570122858339e-001, 3.972677915672109e-001,-3.490723848120949e-001
 7.690000000000000e+000,-2.421747535412742e-001, 3.975688393049206e-001,-3.490723474964217e-001
 7.699999999999999e+000,-2.422125670079078e-001, 3.979320684505940e-001,-3.490723155083969e-001
 7.709999999999999e+000,-2.421892227666435e-001, 3.983328983273320e-001,-3.490722904514189e-001
 7.720000000000000e+000,-2.421268185649815e-001, 3.987372188566682e-001,-3.490722723235713e-001
 7.730000000000000e+000,-2.420483200057479e-001, 3.991084627411534e-001,-3.490722599013298e-001
 7.740000000000000e+000,-2.419731979408785e-001, 3.994169310912785e-001,-3.490722514896638e-001
 7.750000000000000e+000,-2.419138839012293e-001, 3.996443867607655e-001,-3.490722453977208e-001
 7.760000000000000e+000,-2.418748999219969e-001, 3.997821460839532e-001,-3.490722400257325e-001
 7.770000000000000e+000,-2.418537601236968e-001, 3.998278306458993e-001,-3.490722338834257e-001
 7.779999999999999e+000,-2.418435792365046e-001, 3.997831235735896e-001,-3.490722256464659e-001
 7.789999999999999e+000,-2.418373889742795e-001, 3.996515422193823e-001,-3.490722141196977e-001
 7.800000000000000e+000,-2.418327329579428e-001, 3.994377534867961e-001,-3.490721981963076e-001
 7.810000000000000e+000,-2.418341242923593e-001, 3.991492178122920e-001,-3.490721769732103e-001
 7.820000000000000e+000,-2.418525486179182e-001, 3.987972548987693e-001,-3.490721498902746e-001
 7.830000000000000e+000,-2.419047885647553e-001, 3.983960206235522e-001,-3.490721167808042e-001
 7.840000000000000e+000,-2.420148998108077e-001, 3.979608013194422e-001,-3.490720779550280e-001
 7.850000000000000e+000,-2.422147683224958e-001, 3.975061545320462e-001,-3.490720342613532e-001
 7.859999999999999e+000,-2.425385191805430e-001, 3.970433925069552e-001,-3.490719869201958e-001
 7.869999999999999e+000,-2.430110709322333e-001, 3.965802847668600e-001,-3.490719372716981e-001
 7.880000000000000e+000,-2.436354067575074e-001, 3.961279826829633e-001,-3.490718868346611e-001
 7.890000000000000e+000,-2.443815231758058e-001, 3.957128977970492e-001,-3.490718377382493e-001
 7.900000000000000e+000,-2.451810838947432e-001, 3.953834543102941e-001,-3.490717930439625e-001
 7.910000000000000e+000,-2.459373227315351e-001, 3.952029532573862e-001,-3.490717563278463e-001
 7.920000000000000e+000,-2.465557409362032e-001, 3.952277634620720e-001,-3.490717304914155e-001
 7.930000000000000e+000,-2.469779877221000e-001, 3.954846076280121e-001,-3.490717167031724e-001
 7.940000000000000e+000,-2.471938252483887e-001, 3.959644232069151e-001,-3.490717142681465e-001
 7.949999999999999e+000,-2.472346612440875e-001, 3.966312045518199e-001,-3.490717211548692e-001
 7.959999999999999e+000,-2.471610618072037e-001, 3.974352818560385e-001,-3.490717346738831e-001
 7.969999999999999e+000,-2.470431040502840e-001, 3.983268429467024e-001,-3.490717521800757e-001
 7.980000000000000e+000,-2.469418074398289e-001, 3.992639015033488e-001,-3.490717715393413e-001
 7.989999999999999e+000,-2.469028163930155e-001, 4.002120080422014e-001,-3.490717911496821e-001
 8.000000000000000e+000,-2.469581667069824e-001, 4.011405019438459e-001,-3.490718096966492e-001
 8.010000000000000e+000,-2.471297253560938e-001, 4.020183837434572e-001,-3.490718259246480e-001
 8.020000000000000e+000,-2.474327153463845e-001, 4.028120828789978e-001,-3.490718386185177e-001
 8.029999999999999e+000,-2.478788819872738e-001, 4.034865353376300e-001,-3.490718467395111e-001
 8.039999999999999e+000,-2.484790097702536e-001, 4.040056670479530e-001,-3.490718493954185e-001
 8.049999999999999e+000,-2.492435951024566e-001, 4.043296695551377e-001,-3.490718455472718e-001
 8.059999999999999e+000,-2.501811453886810e-001, 4.044129112092154e-001,-3.490718337938799e-001
 8.070000000000000e+000,-2.512961258933965e-001, 4.042076062795417e-001,-3.490718125626472e-001
 8.080000000000000e+000,-2.525871365105620e-001, 4.036747202199187e-001,-3.490717806559178e-001
 8.090000000000000e+000,-2.540419926166986e-001, 4.027989423619314e-001,-3.490717378252493e-001
 8.100000000000000e+000,-2.556277556531566e-001, 4.016026906047530e-001,-3.490716851328057e-001
 8.109999999999999e+000,-2.572793169897401e-001, 4.001556218579572e-001,-3.490716251431659e-001
 8.119999999999999e+000,-2.588983302111612e-001, 3.985731337214504e-001,-3.490715618817782e-001
 8.129999999999999e+000,-2.603744387908624e-001, 3.969945333514076e-001,-3.490715001728499e-001
 8.140000000000001e+000,-2.616181781604310e-001, 3.955468564266336e-001,-3.490714444124640e-001
 8.149999999999999e+000,-2.625809497248398e-001, 3.943166757408332e-001,-3.490713975205493e-001
 8.160000000000000e+000,-2.632580708021368e-001, 3.933423922613151e-001,-3.490713605410644e-001
 8.170000000000000e+000,-2.636865169596308e-001, 3.926222064632396e-001,-3.490713327744027e-001
 8.180000000000000e+000,-2.639373001429225e-001, 3.921286540823614e-001,-3.490713122829410e-001
 8.190000000000000e+000,-2.640962380059476e-001, 3.918232963018662e-001,-3.490712966732341e-001
 8.199999999999999e+000,-2.642424877178105e-001, 3.916679209024419e-001,-3.490712837982665e-001
 8.209999999999999e+000,-2.644392052970047e-001, 3.916301500755308e-001,-3.490712719807718e-001
 8.219999999999999e+000,-2.647323283302808e-001, 3.916850867191954e-001,-3.490712599340443e-001
 8.230000000000000e+000,-2.651475890049017e-001, 3.918170894813526e-001,-3.490712468075632e-001
 8.239999999999998e+000,-2.656876348346020e-001, 3.920222409508705e-001,-3.490712323429044e-001
 8.250000000000000e+000,-2.663351920602514e-001, 3.923087410393091e-001,-3.490712168794101e-001
 8.260000000000000e+000,-2.670628230356308e-001, 3.926925982463774e-001,-3.490712011257786e-001
 8.270000000000000e+000,-2.678432453082160e-001, 3.931886333689749e-001,-3.490711858321067e-001
 8.279999999999999e+000,-2.686533944457484e-001, 3.938003803663337e-001,-3.490711715248411e-001
 8.289999999999999e+000,-2.694725767478833e-001, 3.945126815593847e-001,-3.490711583632218e-001
 8.299999999999999e+000,-2.702797383957713e-001, 3.952877101256573e-001,-3.490711461369615e-001
 8.309999999999999e+000,-2.710515775268425e-001, 3.960621226904721e-001,-3.490711343376544e-001
 8.320000000000000e+000,-2.717595487049688e-001, 3.967433015655377e-001,-3.490711221828897e-001
 8.330000000000000e+000,-2.723645398909485e-001, 3.972060707209368e-001,-3.490711086367444e-001
 8.340000000000000e+000,-2.728102401337604e-001, 3.972913269377645e-001,-3.490710925019756e-001
 8.350000000000000e+000,-2.730373247985380e-001, 3.968123033944175e-001,-3.490710831483072e-001
 8.359999999999999e+000,-2.729040104761628e-001, 3.955320555829114e-001,-3.490710560655645e-001
 8.369999999999999e+000,-2.616127486640830e-001, 3.987648601784888e-001,-3.490688434047445e-001
 8.379999999999999e+000,-2.463325497119824e-001, 4.024340957718611e-001,-3.490658429217414e-001
 8.390000000000001e+000,-2.427462109041603e-001, 3.984452039533721e-001,-3.490663018051728e-001
 8.399999999999999e+000,-2.327600463728067e-001, 3.844334031746650e-001,-3.490658499887210e-001
 8.410000000000000e+000,-1.910212616516769e-001, 3.992565659612710e-001,-3.490658499696159e-001
 8.420000000000000e+000,-1.769578236086150e-001, 3.846739123818410e-001,-3.490658500407516e-001
 8.430000000000000e+000,-1.639006473088964e-001, 3.705773352800479e-001,-3.490658500603527e-001
 8.440000000000000e+000,-1.512179626127911e-001, 3.565131265144093e-001,-3.490658500225535e-001
 8.449999999999999e+000,-1.387401152306527e-001, 3.425858789412613e-001,-3.490658500804469e-001
 8.459999999999999e+000,-1.252641991324977e-001, 3.288235350755153e-001,-3.490658500519256e-001
 8.469999999999999e+000,-1.118101003082812e-001, 3.150303057987007e-001,-3.490658501338264e-001
 8.480000000000000e+000,-9.989638783650788e-002, 3.012262795361749e-001,-3.490658501490086e-001
 8.489999999999998e+000,-8.418554648772872e-002, 2.901261672234883e-001,-3.490658501688379e-001
 8.500000000000000e+000,-7.707536294229649e-002, 2.763980724613662e-001,-3.490658501099563e-001
 8.510000000000000e+000,-6.416960758989172e-002, 2.628461825328259e-001,-3.490658501072784e-001
 8.520000000000000e+000,-5.092827672163613e-002, 2.495641745989590e-001,-3.490658501708333e-001
 8.529999999999999e+000,-4.519217872113964e-002, 2.359673853364774e-001,-3.490658501715097e-001
 8.539999999999999e+000,-4.614053407711315e-002, 2.153270070989160e-001,-3.490658506983506e-001
 8.549999999999999e+000,-4.945280264045512e-002, 1.942180776357363e-001,-3.490658502819396e-001
 8.559999999999999e+000,-4.489709507594202e-002, 1.806425007364558e-001,-3.490658506721165e-001
 8.570000000000000e+000,-4.104947415858969e-002, 1.671221123720019e-001,-3.490658503095799e-001
 8.579999999999998e+000,-4.583486858689324e-002, 1.468445836287717e-001,-3.490658511059174e-001
 8.590000000000000e+000,-4.265081591872986e-002, 1.339096758972642e-001,-3.490658502081624e-001
 8.600000000000000e+000,-4.038541609780678e-002, 1.234266157488910e-001,-3.490658508210932e-001
 8.609999999999999e+000,-4.075713849985364e-002, 1.116906540224192e-001,-3.490658503546822e-001
 8.619999999999999e+000,-3.799952472915571e-002, 1.018239428389951e-001,-3.490658503542894e-001
 8.629999999999999e+000,-3.420474578796967e-002, 9.131201858686033e-002,-3.490658503576955e-001
 8.639999999999999e+000,-3.110616147396161e-002, 8.109384098199879e-002,-3.490658503607218e-001
 8.649999999999999e+000,-4.030789418893895e-002, 6.034507547647183e-002,-3.490658503562945e-001
 8.660000000000000e+000,-5.009320710647897e-002, 4.036043475580708e-002,-3.490658503623426e-001
 8.670000000000000e+000,-4.764769314411803e-002, 3.198531885114431e-002,-3.490658503855131e-001
 8.680000000000000e+000,-4.600636657779660e-002, 2.423931489857356e-002,-3.490658503819521e-001
 8.690000000000000e+000,-4.872223074410456e-002, 1.456111440692109e-002,-3.490658503691220e-001
 8.699999999999999e+000,-5.035540332526556e-002, 9.428155815504935e-003,-3.490658503689039e-001
 8.709999999999999e+000,-5.292933563409917e-002, 3.988040296708739e-003,-3.490658503702195e-001
 8.719999999999999e+000,-5.964588447263070e-002,-2.906128650092876e-003,-3.490658503570460e-001
 8.730000000000000e+000,-6.773507185951015e-002,-8.858054298402918e-003,-3.490658503462966e-001
 8.739999999999998e+000,-7.403959899544317e-002,-1.146546326337039e-002,-3.490658503309667e-001
 8.750000000000000e+000,-8.359048024985551e-002,-1.551783248675109e-002,-3.490658502848724e-001
 8.760000000000000e+000,-8.559004886857032e-002,-1.874181658395857e-002,-3.490658502148361e-001
 8.770000000000000e+000,-9.063219657186755e-002,-2.053960783344078e-002,-3.490658502729077e-001
 8.779999999999999e+000,-9.560922906230229e-002,-2.296277393172197e-002,-3.490658503389718e-001
