Main.Studies.MarkerTracking.t,Main.Studies.MarkerTracking.JointAngleOutputs.OutputFile_LeftArm.GlenohumeralFlexion,Main.Studies.MarkerTracking.JointAngleOutputs.OutputFile_LeftArm.GlenohumeralExternalRotation,Main.Studies.MarkerTracking.JointAngleOutputs.OutputFile_LeftArm.GlenohumeralAbduction,Main.Studies.MarkerTracking.JointAngleOutputs.OutputFile_LeftArm.ElbowFlexion,Main.Studies.MarkerTracking.JointAngleOutputs.OutputFile_LeftArm.ElbowPronation,Main.Studies.MarkerTracking.JointAngleOutputs.OutputFile_LeftArm.WristFlexion,Main.Studies.MarkerTracking.JointAngleOutputs.OutputFile_LeftArm.WristAbduction
 1.907000000000000e+001, 5.235987755982992e-001,-1.134464013796314e+000, 0.000000000000000e+000, 2.094395102393196e+000,-2.107342425544702e-008, 0.000000000000000e+000, 0.000000000000000e+000
 1.908000000000000e+001, 5.235987755982992e-001,-1.134464013796314e+000, 0.000000000000000e+000, 2.094395102393196e+000, 0.000000000000000e+000, 0.000000000000000e+000, 0.000000000000000e+000
 1.909000000000000e+001, 5.235987755982992e-001,-1.134464013796314e+000, 0.000000000000000e+000, 2.094395102393195e+000, 0.000000000000000e+000,-2.220446049250313e-016, 0.000000000000000e+000
 1.910000000000000e+001, 5.235987755982992e-001,-1.134464013796313e+000, 0.000000000000000e+000, 2.094395102393195e+000, 0.000000000000000e+000, 2.220446049250313e-016, 0.000000000000000e+000
 1.911000000000000e+001, 5.235987755982987e-001,-1.134464013796314e+000, 0.000000000000000e+000, 2.094395102393195e+000, 0.000000000000000e+000, 0.000000000000000e+000, 0.000000000000000e+000
 1.912000000000000e+001, 5.235987755982987e-001,-1.134464013796315e+000, 0.000000000000000e+000, 2.094395102393194e+000, 0.000000000000000e+000, 0.000000000000000e+000, 0.000000000000000e+000
 1.913000000000000e+001, 5.235987755982992e-001,-1.134464013796315e+000, 0.000000000000000e+000, 2.094395102393196e+000, 0.000000000000000e+000, 0.000000000000000e+000, 0.000000000000000e+000
 1.914000000000000e+001, 5.235987755982983e-001,-1.134464013796314e+000, 0.000000000000000e+000, 2.094395102393196e+000, 0.000000000000000e+000, 0.000000000000000e+000, 0.000000000000000e+000
 1.915000000000000e+001, 5.235987755982987e-001,-1.134464013796315e+000, 0.000000000000000e+000, 2.094395102393195e+000, 0.000000000000000e+000, 0.000000000000000e+000, 0.000000000000000e+000
 1.916000000000000e+001, 5.235987755982992e-001,-1.134464013796314e+000, 0.000000000000000e+000, 2.094395102393194e+000, 0.000000000000000e+000,-2.220446049250313e-016, 0.000000000000000e+000
 1.917000000000000e+001, 5.235987755982987e-001,-1.134464013796313e+000, 0.000000000000000e+000, 2.094395102393196e+000, 0.000000000000000e+000, 0.000000000000000e+000, 0.000000000000000e+000
 1.918000000000000e+001, 5.235987755982992e-001,-1.134464013796315e+000, 0.000000000000000e+000, 2.094395102393196e+000, 0.000000000000000e+000, 0.000000000000000e+000, 0.000000000000000e+000
 1.919000000000000e+001, 5.235987755982987e-001,-1.134464013796315e+000, 0.000000000000000e+000, 2.094395102393194e+000, 0.000000000000000e+000, 0.000000000000000e+000, 0.000000000000000e+000
 1.920000000000000e+001, 5.235987755982987e-001,-1.134464013796314e+000, 0.000000000000000e+000, 2.094395102393196e+000, 0.000000000000000e+000, 0.000000000000000e+000, 0.000000000000000e+000
 1.921000000000000e+001, 5.235987755982992e-001,-1.134464013796315e+000, 0.000000000000000e+000, 2.094395102393194e+000, 0.000000000000000e+000, 0.000000000000000e+000, 0.000000000000000e+000
 1.922000000000000e+001, 5.235987755982992e-001,-1.134464013796314e+000, 0.000000000000000e+000, 2.094395102393196e+000, 0.000000000000000e+000, 2.220446049250313e-016, 0.000000000000000e+000
 1.923000000000000e+001, 5.235987755982987e-001,-1.134464013796314e+000, 0.000000000000000e+000, 2.094395102393196e+000, 0.000000000000000e+000, 0.000000000000000e+000, 0.000000000000000e+000
 1.924000000000000e+001, 5.235987755982983e-001,-1.134464013796314e+000, 0.000000000000000e+000, 2.094395102393195e+000, 0.000000000000000e+000, 0.000000000000000e+000, 0.000000000000000e+000
 1.925000000000000e+001, 5.235987755982983e-001,-1.134464013796315e+000, 0.000000000000000e+000, 2.094395102393196e+000, 0.000000000000000e+000, 0.000000000000000e+000, 0.000000000000000e+000
 1.926000000000000e+001, 5.235987755982987e-001,-1.134464013796315e+000, 0.000000000000000e+000, 2.094395102393195e+000, 0.000000000000000e+000,-2.220446049250313e-016, 0.000000000000000e+000
 1.927000000000000e+001, 5.235987755982992e-001,-1.134464013796314e+000, 0.000000000000000e+000, 2.094395102393196e+000, 0.000000000000000e+000, 0.000000000000000e+000, 0.000000000000000e+000
 1.928000000000000e+001, 5.235987755982987e-001,-1.134464013796314e+000, 0.000000000000000e+000, 2.094395102393195e+000, 0.000000000000000e+000, 0.000000000000000e+000, 0.000000000000000e+000
 1.929000000000000e+001, 5.235987755982987e-001,-1.134464013796314e+000, 0.000000000000000e+000, 2.094395102393195e+000, 0.000000000000000e+000, 0.000000000000000e+000, 0.000000000000000e+000
 1.930000000000000e+001, 5.235987755982987e-001,-1.134464013796315e+000, 0.000000000000000e+000, 2.094395102393194e+000, 0.000000000000000e+000, 0.000000000000000e+000, 0.000000000000000e+000
 1.931000000000000e+001, 5.235987755982987e-001,-1.134464013796313e+000, 0.000000000000000e+000, 2.094395102393195e+000, 0.000000000000000e+000, 0.000000000000000e+000, 0.000000000000000e+000
 1.932000000000000e+001, 5.235987755982987e-001,-1.134464013796314e+000, 0.000000000000000e+000, 2.094395102393195e+000, 0.000000000000000e+000, 0.000000000000000e+000, 0.000000000000000e+000
 1.933000000000000e+001, 5.235987755982987e-001,-1.134464013796314e+000, 0.000000000000000e+000, 2.094395102393195e+000, 0.000000000000000e+000, 2.220446049250313e-016, 0.000000000000000e+000
 1.934000000000000e+001, 5.235987755982992e-001,-1.134464013796315e+000, 0.000000000000000e+000, 2.094395102393195e+000, 0.000000000000000e+000, 0.000000000000000e+000, 0.000000000000000e+000
 1.935000000000000e+001, 5.235987755982992e-001,-1.134464013796314e+000, 0.000000000000000e+000, 2.094395102393196e+000, 0.000000000000000e+000, 2.220446049250313e-016, 0.000000000000000e+000
 1.936000000000000e+001, 5.235987755982987e-001,-1.134464013796315e+000, 0.000000000000000e+000, 2.094395102393196e+000, 0.000000000000000e+000, 0.000000000000000e+000, 0.000000000000000e+000
 1.937000000000000e+001, 5.235987755982983e-001,-1.134464013796315e+000, 0.000000000000000e+000, 2.094395102393194e+000, 0.000000000000000e+000,-2.220446049250313e-016, 0.000000000000000e+000
 1.938000000000000e+001, 5.235987755982987e-001,-1.134464013796315e+000, 0.000000000000000e+000, 2.094395102393195e+000, 0.000000000000000e+000, 0.000000000000000e+000, 0.000000000000000e+000
 1.939000000000000e+001, 5.235987755982992e-001,-1.134464013796314e+000, 0.000000000000000e+000, 2.094395102393196e+000, 0.000000000000000e+000,-2.220446049250313e-016, 0.000000000000000e+000
 1.940000000000000e+001, 5.235987755982992e-001,-1.134464013796314e+000, 0.000000000000000e+000, 2.094395102393195e+000, 0.000000000000000e+000,-2.220446049250313e-016, 0.000000000000000e+000
 1.941000000000000e+001, 5.235987755982987e-001,-1.134464013796314e+000, 0.000000000000000e+000, 2.094395102393195e+000, 0.000000000000000e+000, 0.000000000000000e+000, 0.000000000000000e+000
 1.942000000000000e+001, 5.235987755982992e-001,-1.134464013796314e+000, 0.000000000000000e+000, 2.094395102393195e+000, 0.000000000000000e+000, 0.000000000000000e+000, 0.000000000000000e+000
 1.943000000000000e+001, 5.235987755982992e-001,-1.134464013796314e+000, 0.000000000000000e+000, 2.094395102393196e+000, 0.000000000000000e+000, 0.000000000000000e+000, 0.000000000000000e+000
 1.944000000000000e+001, 5.235987755982983e-001,-1.134464013796315e+000, 0.000000000000000e+000, 2.094395102393196e+000, 0.000000000000000e+000,-2.220446049250313e-016, 0.000000000000000e+000
 1.945000000000000e+001, 5.235987755982992e-001,-1.134464013796314e+000, 0.000000000000000e+000, 2.094395102393195e+000, 0.000000000000000e+000, 2.220446049250313e-016, 0.000000000000000e+000
 1.946000000000000e+001, 5.235987755982987e-001,-1.134464013796315e+000, 0.000000000000000e+000, 2.094395102393196e+000, 0.000000000000000e+000, 0.000000000000000e+000, 0.000000000000000e+000
 1.947000000000000e+001, 5.235987755982987e-001,-1.134464013796314e+000, 0.000000000000000e+000, 2.094395102393196e+000, 0.000000000000000e+000, 0.000000000000000e+000, 0.000000000000000e+000
 1.948000000000000e+001, 5.235987755982992e-001,-1.134464013796315e+000, 0.000000000000000e+000, 2.094395102393195e+000, 0.000000000000000e+000, 0.000000000000000e+000, 0.000000000000000e+000
 1.949000000000000e+001, 5.235987755982983e-001,-1.134464013796314e+000, 0.000000000000000e+000, 2.094395102393196e+000, 0.000000000000000e+000, 0.000000000000000e+000, 0.000000000000000e+000
 1.950000000000000e+001, 5.235987755982983e-001,-1.134464013796315e+000, 0.000000000000000e+000, 2.094395102393195e+000, 0.000000000000000e+000, 0.000000000000000e+000, 0.000000000000000e+000
 1.951000000000000e+001, 5.235987755982987e-001,-1.134464013796314e+000, 0.000000000000000e+000, 2.094395102393195e+000, 0.000000000000000e+000, 0.000000000000000e+000, 0.000000000000000e+000
 1.952000000000000e+001, 5.235987755983000e-001,-1.134464013796315e+000, 0.000000000000000e+000, 2.094395102393195e+000, 0.000000000000000e+000, 0.000000000000000e+000, 0.000000000000000e+000
 1.953000000000000e+001, 5.235987755982992e-001,-1.134464013796314e+000, 0.000000000000000e+000, 2.094395102393196e+000, 0.000000000000000e+000, 0.000000000000000e+000, 0.000000000000000e+000
 1.954000000000000e+001, 5.235987755982987e-001,-1.134464013796314e+000, 0.000000000000000e+000, 2.094395102393195e+000, 0.000000000000000e+000, 2.220446049250313e-016, 0.000000000000000e+000
 1.955000000000000e+001, 5.235987755982992e-001,-1.134464013796314e+000, 0.000000000000000e+000, 2.094395102393194e+000, 0.000000000000000e+000, 0.000000000000000e+000, 0.000000000000000e+000
 1.956000000000000e+001, 5.235987755982987e-001,-1.134464013796315e+000, 0.000000000000000e+000, 2.094395102393195e+000, 0.000000000000000e+000,-2.220446049250313e-016, 0.000000000000000e+000
 1.957000000000000e+001, 5.235987755982987e-001,-1.134464013796314e+000, 0.000000000000000e+000, 2.094395102393196e+000, 0.000000000000000e+000, 4.440892098500626e-016, 0.000000000000000e+000
 1.958000000000000e+001, 5.235987755982987e-001,-1.134464013796313e+000, 0.000000000000000e+000, 2.094395102393195e+000, 0.000000000000000e+000,-2.220446049250313e-016, 0.000000000000000e+000
 1.959000000000000e+001, 5.235987755982992e-001,-1.134464013796314e+000, 0.000000000000000e+000, 2.094395102393196e+000, 0.000000000000000e+000, 0.000000000000000e+000, 0.000000000000000e+000
 1.960000000000000e+001, 5.235987755982992e-001,-1.134464013796314e+000, 0.000000000000000e+000, 2.094395102393194e+000, 0.000000000000000e+000, 0.000000000000000e+000, 0.000000000000000e+000
 1.961000000000000e+001, 5.235987755982983e-001,-1.134464013796314e+000, 0.000000000000000e+000, 2.094395102393196e+000, 0.000000000000000e+000, 2.220446049250313e-016, 0.000000000000000e+000
 1.962000000000000e+001, 5.235987755982992e-001,-1.134464013796314e+000, 0.000000000000000e+000, 2.094395102393196e+000, 0.000000000000000e+000, 0.000000000000000e+000, 0.000000000000000e+000
 1.963000000000000e+001, 5.235987755982983e-001,-1.134464013796315e+000, 0.000000000000000e+000, 2.094395102393196e+000, 0.000000000000000e+000, 2.220446049250313e-016, 0.000000000000000e+000
 1.964000000000000e+001, 5.235987755982987e-001,-1.134464013796314e+000, 0.000000000000000e+000, 2.094395102393196e+000, 0.000000000000000e+000, 0.000000000000000e+000, 0.000000000000000e+000
 1.965000000000000e+001, 5.235987755982992e-001,-1.134464013796315e+000, 0.000000000000000e+000, 2.094395102393194e+000, 0.000000000000000e+000, 0.000000000000000e+000, 0.000000000000000e+000
 1.966000000000000e+001, 5.235987755982987e-001,-1.134464013796314e+000, 0.000000000000000e+000, 2.094395102393195e+000, 0.000000000000000e+000, 0.000000000000000e+000, 0.000000000000000e+000
 1.967000000000000e+001, 5.235987755982983e-001,-1.134464013796314e+000, 0.000000000000000e+000, 2.094395102393195e+000, 0.000000000000000e+000, 0.000000000000000e+000, 0.000000000000000e+000
 1.968000000000000e+001, 5.235987755982987e-001,-1.134464013796314e+000, 0.000000000000000e+000, 2.094395102393195e+000, 0.000000000000000e+000, 0.000000000000000e+000, 0.000000000000000e+000
 1.969000000000000e+001, 5.235987755982987e-001,-1.134464013796314e+000, 0.000000000000000e+000, 2.094395102393196e+000, 0.000000000000000e+000,-2.220446049250313e-016, 0.000000000000000e+000
 1.970000000000000e+001, 5.235987755982992e-001,-1.134464013796314e+000, 0.000000000000000e+000, 2.094395102393195e+000, 0.000000000000000e+000, 0.000000000000000e+000, 0.000000000000000e+000
 1.971000000000000e+001, 5.235987755982983e-001,-1.134464013796315e+000, 0.000000000000000e+000, 2.094395102393195e+000, 0.000000000000000e+000, 2.220446049250313e-016, 0.000000000000000e+000
 1.972000000000000e+001, 5.235987755982992e-001,-1.134464013796314e+000, 0.000000000000000e+000, 2.094395102393194e+000, 0.000000000000000e+000, 2.220446049250313e-016, 0.000000000000000e+000
 1.973000000000000e+001, 5.235987755982992e-001,-1.134464013796314e+000, 0.000000000000000e+000, 2.094395102393196e+000, 0.000000000000000e+000, 0.000000000000000e+000, 0.000000000000000e+000
 1.974000000000000e+001, 5.235987755982987e-001,-1.134464013796315e+000, 0.000000000000000e+000, 2.094395102393195e+000, 0.000000000000000e+000, 0.000000000000000e+000, 0.000000000000000e+000
 1.975000000000000e+001, 5.235987755982987e-001,-1.134464013796315e+000, 0.000000000000000e+000, 2.094395102393196e+000, 0.000000000000000e+000, 0.000000000000000e+000, 0.000000000000000e+000
 1.976000000000000e+001, 5.235987755982992e-001,-1.134464013796314e+000, 0.000000000000000e+000, 2.094395102393195e+000, 0.000000000000000e+000, 0.000000000000000e+000, 0.000000000000000e+000
 1.977000000000000e+001, 5.235987755982992e-001,-1.134464013796314e+000, 0.000000000000000e+000, 2.094395102393196e+000, 0.000000000000000e+000, 0.000000000000000e+000, 0.000000000000000e+000
 1.978000000000000e+001, 5.235987755982992e-001,-1.134464013796314e+000, 0.000000000000000e+000, 2.094395102393195e+000, 0.000000000000000e+000,-2.220446049250313e-016, 0.000000000000000e+000
 1.979000000000000e+001, 5.235987755982992e-001,-1.134464013796314e+000, 0.000000000000000e+000, 2.094395102393195e+000, 0.000000000000000e+000,-2.220446049250313e-016, 0.000000000000000e+000
 1.980000000000000e+001, 5.235987755982987e-001,-1.134464013796314e+000, 0.000000000000000e+000, 2.094395102393196e+000, 0.000000000000000e+000, 0.000000000000000e+000, 0.000000000000000e+000
 1.981000000000000e+001, 5.235987755982992e-001,-1.134464013796314e+000, 0.000000000000000e+000, 2.094395102393195e+000, 0.000000000000000e+000, 0.000000000000000e+000, 0.000000000000000e+000
 1.982000000000000e+001, 5.235987755982983e-001,-1.134464013796314e+000, 0.000000000000000e+000, 2.094395102393196e+000, 0.000000000000000e+000, 0.000000000000000e+000, 0.000000000000000e+000
 1.983000000000000e+001, 5.235987755982987e-001,-1.134464013796314e+000, 0.000000000000000e+000, 2.094395102393195e+000, 0.000000000000000e+000, 0.000000000000000e+000, 0.000000000000000e+000
 1.984000000000000e+001, 5.235987755982992e-001,-1.134464013796314e+000, 0.000000000000000e+000, 2.094395102393196e+000, 0.000000000000000e+000, 0.000000000000000e+000, 0.000000000000000e+000
 1.985000000000000e+001, 5.235987755982992e-001,-1.134464013796314e+000, 0.000000000000000e+000, 2.094395102393196e+000, 0.000000000000000e+000, 2.220446049250313e-016, 0.000000000000000e+000
 1.986000000000000e+001, 5.235987755982987e-001,-1.134464013796314e+000, 0.000000000000000e+000, 2.094395102393195e+000, 0.000000000000000e+000, 0.000000000000000e+000, 0.000000000000000e+000
 1.987000000000000e+001, 5.235987755982987e-001,-1.134464013796314e+000, 0.000000000000000e+000, 2.094395102393196e+000, 0.000000000000000e+000,-2.220446049250313e-016, 0.000000000000000e+000
 1.988000000000000e+001, 5.235987755982987e-001,-1.134464013796315e+000, 0.000000000000000e+000, 2.094395102393195e+000, 0.000000000000000e+000,-2.220446049250313e-016, 0.000000000000000e+000
 1.989000000000000e+001, 5.235987755982987e-001,-1.134464013796314e+000, 0.000000000000000e+000, 2.094395102393195e+000, 0.000000000000000e+000, 0.000000000000000e+000, 0.000000000000000e+000
 1.990000000000000e+001, 5.235987755982992e-001,-1.134464013796314e+000, 0.000000000000000e+000, 2.094395102393195e+000, 0.000000000000000e+000,-2.220446049250313e-016, 0.000000000000000e+000
 1.991000000000000e+001, 5.235987755982992e-001,-1.134464013796314e+000, 0.000000000000000e+000, 2.094395102393194e+000, 0.000000000000000e+000, 0.000000000000000e+000, 0.000000000000000e+000
 1.992000000000000e+001, 5.235987755982987e-001,-1.134464013796314e+000, 0.000000000000000e+000, 2.094395102393195e+000, 0.000000000000000e+000, 0.000000000000000e+000, 0.000000000000000e+000
 1.993000000000000e+001, 5.235987755982987e-001,-1.134464013796315e+000, 0.000000000000000e+000, 2.094395102393196e+000, 0.000000000000000e+000, 0.000000000000000e+000, 0.000000000000000e+000
 1.994000000000000e+001, 5.235987755982987e-001,-1.134464013796314e+000, 0.000000000000000e+000, 2.094395102393195e+000, 0.000000000000000e+000,-2.220446049250313e-016, 0.000000000000000e+000
 1.995000000000000e+001, 5.235987755982987e-001,-1.134464013796314e+000, 0.000000000000000e+000, 2.094395102393195e+000, 0.000000000000000e+000, 0.000000000000000e+000, 0.000000000000000e+000
 1.996000000000000e+001, 5.235987755982987e-001,-1.134464013796314e+000, 0.000000000000000e+000, 2.094395102393196e+000, 0.000000000000000e+000, 0.000000000000000e+000, 0.000000000000000e+000
 1.997000000000000e+001, 5.235987755982983e-001,-1.134464013796315e+000, 0.000000000000000e+000, 2.094395102393195e+000, 0.000000000000000e+000, 2.220446049250313e-016, 0.000000000000000e+000
 1.998000000000000e+001, 5.235987755982992e-001,-1.134464013796314e+000, 0.000000000000000e+000, 2.094395102393196e+000, 0.000000000000000e+000, 0.000000000000000e+000, 0.000000000000000e+000
 1.999000000000000e+001, 5.235987755982992e-001,-1.134464013796315e+000, 0.000000000000000e+000, 2.094395102393196e+000, 0.000000000000000e+000, 2.220446049250313e-016, 0.000000000000000e+000
 2.000000000000000e+001, 5.235987755982983e-001,-1.134464013796315e+000, 0.000000000000000e+000, 2.094395102393196e+000, 0.000000000000000e+000, 0.000000000000000e+000, 0.000000000000000e+000
 2.001000000000000e+001, 5.235987755982983e-001,-1.134464013796314e+000, 0.000000000000000e+000, 2.094395102393196e+000, 0.000000000000000e+000, 0.000000000000000e+000, 0.000000000000000e+000
 2.002000000000000e+001, 5.235987755982983e-001,-1.134464013796314e+000, 0.000000000000000e+000, 2.094395102393195e+000, 0.000000000000000e+000, 0.000000000000000e+000, 0.000000000000000e+000
 2.003000000000000e+001, 5.235987755982992e-001,-1.134464013796315e+000, 0.000000000000000e+000, 2.094395102393195e+000, 0.000000000000000e+000, 0.000000000000000e+000, 0.000000000000000e+000
 2.004000000000000e+001, 5.235987755982987e-001,-1.134464013796314e+000, 0.000000000000000e+000, 2.094395102393196e+000, 0.000000000000000e+000, 0.000000000000000e+000, 0.000000000000000e+000
 2.005000000000000e+001, 5.235987755982987e-001,-1.134464013796314e+000, 0.000000000000000e+000, 2.094395102393195e+000, 0.000000000000000e+000, 0.000000000000000e+000, 0.000000000000000e+000
 2.006000000000000e+001, 5.235987755982987e-001,-1.134464013796315e+000, 0.000000000000000e+000, 2.094395102393195e+000, 0.000000000000000e+000, 2.220446049250313e-016, 0.000000000000000e+000
 2.007000000000000e+001, 5.235987755982987e-001,-1.134464013796314e+000, 0.000000000000000e+000, 2.094395102393195e+000, 0.000000000000000e+000, 0.000000000000000e+000, 0.000000000000000e+000
 2.008000000000000e+001, 5.235987755982987e-001,-1.134464013796314e+000, 0.000000000000000e+000, 2.094395102393195e+000, 0.000000000000000e+000, 0.000000000000000e+000, 0.000000000000000e+000
 2.009000000000000e+001, 5.235987755982983e-001,-1.134464013796315e+000, 0.000000000000000e+000, 2.094395102393196e+000, 0.000000000000000e+000,-2.220446049250313e-016, 0.000000000000000e+000
 2.010000000000000e+001, 5.235987755982983e-001,-1.134464013796315e+000, 0.000000000000000e+000, 2.094395102393195e+000, 0.000000000000000e+000, 0.000000000000000e+000, 0.000000000000000e+000
 2.011000000000000e+001, 5.235987755982992e-001,-1.134464013796314e+000, 0.000000000000000e+000, 2.094395102393196e+000, 0.000000000000000e+000, 0.000000000000000e+000, 0.000000000000000e+000
 2.012000000000000e+001, 5.235987755982987e-001,-1.134464013796314e+000, 0.000000000000000e+000, 2.094395102393196e+000, 0.000000000000000e+000, 2.220446049250313e-016, 0.000000000000000e+000
 2.013000000000000e+001, 5.235987755982992e-001,-1.134464013796314e+000, 0.000000000000000e+000, 2.094395102393196e+000, 0.000000000000000e+000, 0.000000000000000e+000, 0.000000000000000e+000
 2.014000000000000e+001, 5.235987755982987e-001,-1.134464013796314e+000, 0.000000000000000e+000, 2.094395102393195e+000, 0.000000000000000e+000, 0.000000000000000e+000, 0.000000000000000e+000
 2.015000000000000e+001, 5.235987755982987e-001,-1.134464013796314e+000, 0.000000000000000e+000, 2.094395102393195e+000, 0.000000000000000e+000,-2.220446049250313e-016, 0.000000000000000e+000
 2.016000000000000e+001, 5.235987755982992e-001,-1.134464013796314e+000, 0.000000000000000e+000, 2.094395102393195e+000, 0.000000000000000e+000, 0.000000000000000e+000, 0.000000000000000e+000
 2.017000000000000e+001, 5.235987755982987e-001,-1.134464013796314e+000, 0.000000000000000e+000, 2.094395102393195e+000, 0.000000000000000e+000, 2.220446049250313e-016, 0.000000000000000e+000
 2.018000000000000e+001, 5.235987755982987e-001,-1.134464013796314e+000, 0.000000000000000e+000, 2.094395102393195e+000, 0.000000000000000e+000, 2.220446049250313e-016, 0.000000000000000e+000
 2.019000000000000e+001, 5.235987755982992e-001,-1.134464013796315e+000, 0.000000000000000e+000, 2.094395102393196e+000, 0.000000000000000e+000, 0.000000000000000e+000, 0.000000000000000e+000
 2.020000000000000e+001, 5.235987755982992e-001,-1.134464013796314e+000, 0.000000000000000e+000, 2.094395102393195e+000, 0.000000000000000e+000,-2.220446049250313e-016, 0.000000000000000e+000
 2.021000000000000e+001, 5.235987755982992e-001,-1.134464013796314e+000, 0.000000000000000e+000, 2.094395102393196e+000, 0.000000000000000e+000,-2.220446049250313e-016, 0.000000000000000e+000
 2.022000000000000e+001, 5.235987755982987e-001,-1.134464013796314e+000, 0.000000000000000e+000, 2.094395102393196e+000, 0.000000000000000e+000, 2.220446049250313e-016, 0.000000000000000e+000
 2.023000000000000e+001, 5.235987755982987e-001,-1.134464013796314e+000, 0.000000000000000e+000, 2.094395102393195e+000, 0.000000000000000e+000,-2.220446049250313e-016, 0.000000000000000e+000
 2.024000000000000e+001, 5.235987755982992e-001,-1.134464013796315e+000, 0.000000000000000e+000, 2.094395102393195e+000, 0.000000000000000e+000, 0.000000000000000e+000, 0.000000000000000e+000
 2.025000000000000e+001, 5.235987755982992e-001,-1.134464013796314e+000, 0.000000000000000e+000, 2.094395102393196e+000, 0.000000000000000e+000, 0.000000000000000e+000, 0.000000000000000e+000
 2.026000000000000e+001, 5.235987755982987e-001,-1.134464013796314e+000, 0.000000000000000e+000, 2.094395102393195e+000, 0.000000000000000e+000,-2.220446049250313e-016, 0.000000000000000e+000
 2.027000000000000e+001, 5.235987755982987e-001,-1.134464013796314e+000, 0.000000000000000e+000, 2.094395102393196e+000, 0.000000000000000e+000, 0.000000000000000e+000, 0.000000000000000e+000
 2.028000000000000e+001, 5.235987755982987e-001,-1.134464013796315e+000, 0.000000000000000e+000, 2.094395102393196e+000, 0.000000000000000e+000, 0.000000000000000e+000, 0.000000000000000e+000
 2.029000000000000e+001, 5.235987755982992e-001,-1.134464013796314e+000, 0.000000000000000e+000, 2.094395102393195e+000, 0.000000000000000e+000, 0.000000000000000e+000, 0.000000000000000e+000
 2.030000000000000e+001, 5.235987755982992e-001,-1.134464013796314e+000, 0.000000000000000e+000, 2.094395102393195e+000, 0.000000000000000e+000, 0.000000000000000e+000, 0.000000000000000e+000
 2.031000000000000e+001, 5.235987755982992e-001,-1.134464013796315e+000, 0.000000000000000e+000, 2.094395102393195e+000, 0.000000000000000e+000, 0.000000000000000e+000, 0.000000000000000e+000
 2.032000000000000e+001, 5.235987755982992e-001,-1.134464013796315e+000, 0.000000000000000e+000, 2.094395102393195e+000, 0.000000000000000e+000, 0.000000000000000e+000, 0.000000000000000e+000
 2.033000000000000e+001, 5.235987755982992e-001,-1.134464013796314e+000, 0.000000000000000e+000, 2.094395102393196e+000, 0.000000000000000e+000, 0.000000000000000e+000, 0.000000000000000e+000
 2.034000000000000e+001, 5.235987755982987e-001,-1.134464013796314e+000, 0.000000000000000e+000, 2.094395102393196e+000, 0.000000000000000e+000, 0.000000000000000e+000, 0.000000000000000e+000
 2.035000000000000e+001, 5.235987755982992e-001,-1.134464013796314e+000, 0.000000000000000e+000, 2.094395102393194e+000, 0.000000000000000e+000, 0.000000000000000e+000, 0.000000000000000e+000
 2.036000000000000e+001, 5.235987755982983e-001,-1.134464013796315e+000, 0.000000000000000e+000, 2.094395102393195e+000, 0.000000000000000e+000, 0.000000000000000e+000, 0.000000000000000e+000
 2.037000000000000e+001, 5.235987755982987e-001,-1.134464013796314e+000, 0.000000000000000e+000, 2.094395102393195e+000, 0.000000000000000e+000,-2.220446049250313e-016, 0.000000000000000e+000
 2.038000000000000e+001, 5.235987755982987e-001,-1.134464013796315e+000, 0.000000000000000e+000, 2.094395102393196e+000, 0.000000000000000e+000, 0.000000000000000e+000, 0.000000000000000e+000
 2.039000000000000e+001, 5.235987755982987e-001,-1.134464013796314e+000, 0.000000000000000e+000, 2.094395102393196e+000, 0.000000000000000e+000, 0.000000000000000e+000, 0.000000000000000e+000
 2.040000000000000e+001, 5.235987755982992e-001,-1.134464013796314e+000, 0.000000000000000e+000, 2.094395102393194e+000, 0.000000000000000e+000,-2.220446049250313e-016, 0.000000000000000e+000
 2.041000000000000e+001, 5.235987755982983e-001,-1.134464013796315e+000, 0.000000000000000e+000, 2.094395102393195e+000, 0.000000000000000e+000, 2.220446049250313e-016, 0.000000000000000e+000
 2.042000000000000e+001, 5.235987755982992e-001,-1.134464013796314e+000, 0.000000000000000e+000, 2.094395102393195e+000, 0.000000000000000e+000,-2.220446049250313e-016, 0.000000000000000e+000
 2.043000000000000e+001, 5.235987755982992e-001,-1.134464013796315e+000, 0.000000000000000e+000, 2.094395102393196e+000, 0.000000000000000e+000, 0.000000000000000e+000, 0.000000000000000e+000
 2.044000000000000e+001, 5.235987755982987e-001,-1.134464013796314e+000, 0.000000000000000e+000, 2.094395102393195e+000, 0.000000000000000e+000, 0.000000000000000e+000, 0.000000000000000e+000
 2.045000000000000e+001, 5.235987755982992e-001,-1.134464013796314e+000, 0.000000000000000e+000, 2.094395102393196e+000, 0.000000000000000e+000,-2.220446049250313e-016, 0.000000000000000e+000
 2.046000000000000e+001, 5.235987755982987e-001,-1.134464013796314e+000, 0.000000000000000e+000, 2.094395102393196e+000, 0.000000000000000e+000, 0.000000000000000e+000, 0.000000000000000e+000
 2.047000000000000e+001, 5.235987755982992e-001,-1.134464013796314e+000, 0.000000000000000e+000, 2.094395102393195e+000, 0.000000000000000e+000, 2.220446049250313e-016, 0.000000000000000e+000
 2.048000000000000e+001, 5.235987755982987e-001,-1.134464013796314e+000, 0.000000000000000e+000, 2.094395102393195e+000, 0.000000000000000e+000, 0.000000000000000e+000, 0.000000000000000e+000
 2.049000000000000e+001, 5.235987755982987e-001,-1.134464013796315e+000, 0.000000000000000e+000, 2.094395102393196e+000, 0.000000000000000e+000, 0.000000000000000e+000, 0.000000000000000e+000
 2.050000000000000e+001, 5.235987755982987e-001,-1.134464013796315e+000, 0.000000000000000e+000, 2.094395102393196e+000, 0.000000000000000e+000, 0.000000000000000e+000, 0.000000000000000e+000
 2.051000000000000e+001, 5.235987755982992e-001,-1.134464013796315e+000, 0.000000000000000e+000, 2.094395102393195e+000, 0.000000000000000e+000, 0.000000000000000e+000, 0.000000000000000e+000
 2.052000000000000e+001, 5.235987755982987e-001,-1.134464013796314e+000, 0.000000000000000e+000, 2.094395102393196e+000, 0.000000000000000e+000, 0.000000000000000e+000, 0.000000000000000e+000
 2.053000000000000e+001, 5.235987755982983e-001,-1.134464013796315e+000, 0.000000000000000e+000, 2.094395102393196e+000, 0.000000000000000e+000, 0.000000000000000e+000, 0.000000000000000e+000
 2.054000000000000e+001, 5.235987755982992e-001,-1.134464013796315e+000, 0.000000000000000e+000, 2.094395102393195e+000, 0.000000000000000e+000, 2.220446049250313e-016, 0.000000000000000e+000
 2.055000000000000e+001, 5.235987755982987e-001,-1.134464013796314e+000, 0.000000000000000e+000, 2.094395102393196e+000, 0.000000000000000e+000, 0.000000000000000e+000, 0.000000000000000e+000
 2.056000000000000e+001, 5.235987755982983e-001,-1.134464013796315e+000, 0.000000000000000e+000, 2.094395102393196e+000, 0.000000000000000e+000, 2.220446049250313e-016, 0.000000000000000e+000
 2.057000000000000e+001, 5.235987755982992e-001,-1.134464013796315e+000, 0.000000000000000e+000, 2.094395102393196e+000, 0.000000000000000e+000, 0.000000000000000e+000, 0.000000000000000e+000
 2.058000000000000e+001, 5.235987755982992e-001,-1.134464013796314e+000, 0.000000000000000e+000, 2.094395102393195e+000, 0.000000000000000e+000, 0.000000000000000e+000, 0.000000000000000e+000
 2.059000000000000e+001, 5.235987755982987e-001,-1.134464013796314e+000, 0.000000000000000e+000, 2.094395102393196e+000, 0.000000000000000e+000, 0.000000000000000e+000, 0.000000000000000e+000
 2.060000000000000e+001, 5.235987755982987e-001,-1.134464013796314e+000, 0.000000000000000e+000, 2.094395102393196e+000, 0.000000000000000e+000,-2.220446049250313e-016, 0.000000000000000e+000
 2.061000000000000e+001, 5.235987755982983e-001,-1.134464013796314e+000, 0.000000000000000e+000, 2.094395102393195e+000, 0.000000000000000e+000, 0.000000000000000e+000, 0.000000000000000e+000
 2.062000000000000e+001, 5.235987755982992e-001,-1.134464013796315e+000, 0.000000000000000e+000, 2.094395102393195e+000, 0.000000000000000e+000, 0.000000000000000e+000, 0.000000000000000e+000
 2.063000000000000e+001, 5.235987755982987e-001,-1.134464013796314e+000, 0.000000000000000e+000, 2.094395102393195e+000, 0.000000000000000e+000, 0.000000000000000e+000, 0.000000000000000e+000
 2.064000000000000e+001, 5.235987755982987e-001,-1.134464013796314e+000, 0.000000000000000e+000, 2.094395102393196e+000, 0.000000000000000e+000, 0.000000000000000e+000, 0.000000000000000e+000
 2.065000000000000e+001, 5.235987755982987e-001,-1.134464013796314e+000, 0.000000000000000e+000, 2.094395102393195e+000, 0.000000000000000e+000, 0.000000000000000e+000, 0.000000000000000e+000
 2.066000000000000e+001, 5.235987755982992e-001,-1.134464013796315e+000, 0.000000000000000e+000, 2.094395102393195e+000, 0.000000000000000e+000, 0.000000000000000e+000, 0.000000000000000e+000
 2.067000000000000e+001, 5.235987755982992e-001,-1.134464013796314e+000, 0.000000000000000e+000, 2.094395102393196e+000, 0.000000000000000e+000, 0.000000000000000e+000, 0.000000000000000e+000
 2.068000000000000e+001, 5.235987755982987e-001,-1.134464013796314e+000, 0.000000000000000e+000, 2.094395102393196e+000, 0.000000000000000e+000, 2.220446049250313e-016, 0.000000000000000e+000
 2.069000000000000e+001, 5.235987755982987e-001,-1.134464013796315e+000, 0.000000000000000e+000, 2.094395102393196e+000, 0.000000000000000e+000, 2.220446049250313e-016, 0.000000000000000e+000
 2.070000000000000e+001, 5.235987755982987e-001,-1.134464013796315e+000, 0.000000000000000e+000, 2.094395102393195e+000, 0.000000000000000e+000,-2.220446049250313e-016, 0.000000000000000e+000
 2.071000000000000e+001, 5.235987755982987e-001,-1.134464013796315e+000, 0.000000000000000e+000, 2.094395102393196e+000, 0.000000000000000e+000, 0.000000000000000e+000, 0.000000000000000e+000
 2.072000000000000e+001, 5.235987755982992e-001,-1.134464013796314e+000, 0.000000000000000e+000, 2.094395102393196e+000, 0.000000000000000e+000, 0.000000000000000e+000, 0.000000000000000e+000
 2.073000000000000e+001, 5.235987755982987e-001,-1.134464013796314e+000, 0.000000000000000e+000, 2.094395102393194e+000, 0.000000000000000e+000, 2.220446049250313e-016, 0.000000000000000e+000
 2.074000000000000e+001, 5.235987755982987e-001,-1.134464013796314e+000, 0.000000000000000e+000, 2.094395102393196e+000, 0.000000000000000e+000, 0.000000000000000e+000, 0.000000000000000e+000
 2.075000000000000e+001, 5.235987755982987e-001,-1.134464013796314e+000, 0.000000000000000e+000, 2.094395102393196e+000, 0.000000000000000e+000, 0.000000000000000e+000, 0.000000000000000e+000
 2.076000000000000e+001, 5.235987755982992e-001,-1.134464013796314e+000, 0.000000000000000e+000, 2.094395102393194e+000, 0.000000000000000e+000,-4.440892098500626e-016, 0.000000000000000e+000
 2.077000000000000e+001, 5.235987755982983e-001,-1.134464013796315e+000, 0.000000000000000e+000, 2.094395102393196e+000, 0.000000000000000e+000, 2.220446049250313e-016, 0.000000000000000e+000
 2.078000000000000e+001, 5.235987755982992e-001,-1.134464013796315e+000, 0.000000000000000e+000, 2.094395102393196e+000, 0.000000000000000e+000, 0.000000000000000e+000, 0.000000000000000e+000
 2.079000000000000e+001, 5.235987755982983e-001,-1.134464013796314e+000, 0.000000000000000e+000, 2.094395102393195e+000, 0.000000000000000e+000, 0.000000000000000e+000, 0.000000000000000e+000
 2.080000000000000e+001, 5.235987755982983e-001,-1.134464013796314e+000, 0.000000000000000e+000, 2.094395102393195e+000, 0.000000000000000e+000, 0.000000000000000e+000, 0.000000000000000e+000
 2.081000000000000e+001, 5.235987755982987e-001,-1.134464013796315e+000, 0.000000000000000e+000, 2.094395102393196e+000, 0.000000000000000e+000, 0.000000000000000e+000, 0.000000000000000e+000
 2.082000000000000e+001, 5.235987755982992e-001,-1.134464013796314e+000, 0.000000000000000e+000, 2.094395102393194e+000, 0.000000000000000e+000,-2.220446049250313e-016, 0.000000000000000e+000
 2.083000000000000e+001, 5.235987755982992e-001,-1.134464013796315e+000, 0.000000000000000e+000, 2.094395102393195e+000, 0.000000000000000e+000, 0.000000000000000e+000, 0.000000000000000e+000
 2.084000000000000e+001, 5.235987755982987e-001,-1.134464013796314e+000, 0.000000000000000e+000, 2.094395102393195e+000, 0.000000000000000e+000, 0.000000000000000e+000, 0.000000000000000e+000
 2.085000000000000e+001, 5.235987755982992e-001,-1.134464013796314e+000, 0.000000000000000e+000, 2.094395102393196e+000, 0.000000000000000e+000, 0.000000000000000e+000, 0.000000000000000e+000
 2.086000000000000e+001, 5.235987755982992e-001,-1.134464013796314e+000, 0.000000000000000e+000, 2.094395102393195e+000, 0.000000000000000e+000,-2.220446049250313e-016, 0.000000000000000e+000
 2.087000000000000e+001, 5.235987755982987e-001,-1.134464013796315e+000, 0.000000000000000e+000, 2.094395102393195e+000, 0.000000000000000e+000, 2.220446049250313e-016, 0.000000000000000e+000
 2.088000000000000e+001, 5.235987755982987e-001,-1.134464013796314e+000, 0.000000000000000e+000, 2.094395102393196e+000, 0.000000000000000e+000, 0.000000000000000e+000, 0.000000000000000e+000
 2.089000000000000e+001, 5.235987755982987e-001,-1.134464013796315e+000, 0.000000000000000e+000, 2.094395102393196e+000, 0.000000000000000e+000,-2.220446049250313e-016, 0.000000000000000e+000
 2.090000000000000e+001, 5.235987755982983e-001,-1.134464013796315e+000, 0.000000000000000e+000, 2.094395102393195e+000, 0.000000000000000e+000, 0.000000000000000e+000, 0.000000000000000e+000
 2.091000000000000e+001, 5.235987755982987e-001,-1.134464013796314e+000, 0.000000000000000e+000, 2.094395102393196e+000, 0.000000000000000e+000, 0.000000000000000e+000, 0.000000000000000e+000
 2.092000000000000e+001, 5.235987755982983e-001,-1.134464013796315e+000, 0.000000000000000e+000, 2.094395102393195e+000, 0.000000000000000e+000, 0.000000000000000e+000, 0.000000000000000e+000
 2.093000000000000e+001, 5.235987755982992e-001,-1.134464013796314e+000, 0.000000000000000e+000, 2.094395102393195e+000, 0.000000000000000e+000, 0.000000000000000e+000, 0.000000000000000e+000
 2.094000000000000e+001, 5.235987755982992e-001,-1.134464013796313e+000, 0.000000000000000e+000, 2.094395102393196e+000, 0.000000000000000e+000, 0.000000000000000e+000, 0.000000000000000e+000
 2.095000000000000e+001, 5.235987755982987e-001,-1.134464013796314e+000, 0.000000000000000e+000, 2.094395102393195e+000, 0.000000000000000e+000,-2.220446049250313e-016, 0.000000000000000e+000
 2.096000000000000e+001, 5.235987755982987e-001,-1.134464013796315e+000, 0.000000000000000e+000, 2.094395102393195e+000, 0.000000000000000e+000, 0.000000000000000e+000, 0.000000000000000e+000
 2.097000000000000e+001, 5.235987755982987e-001,-1.134464013796315e+000, 0.000000000000000e+000, 2.094395102393196e+000, 0.000000000000000e+000, 0.000000000000000e+000, 0.000000000000000e+000
 2.098000000000000e+001, 5.235987755982987e-001,-1.134464013796315e+000, 0.000000000000000e+000, 2.094395102393195e+000, 0.000000000000000e+000, 0.000000000000000e+000, 0.000000000000000e+000
 2.099000000000000e+001, 5.235987755982992e-001,-1.134464013796314e+000, 0.000000000000000e+000, 2.094395102393196e+000, 0.000000000000000e+000,-2.220446049250313e-016, 0.000000000000000e+000
 2.100000000000000e+001, 5.235987755982987e-001,-1.134464013796315e+000, 0.000000000000000e+000, 2.094395102393195e+000, 0.000000000000000e+000, 0.000000000000000e+000, 0.000000000000000e+000
 2.101000000000000e+001, 5.235987755982983e-001,-1.134464013796315e+000, 0.000000000000000e+000, 2.094395102393196e+000, 0.000000000000000e+000, 2.220446049250313e-016, 0.000000000000000e+000
 2.102000000000000e+001, 5.235987755982992e-001,-1.134464013796314e+000, 0.000000000000000e+000, 2.094395102393196e+000, 0.000000000000000e+000, 0.000000000000000e+000, 0.000000000000000e+000
 2.103000000000000e+001, 5.235987755982992e-001,-1.134464013796313e+000, 0.000000000000000e+000, 2.094395102393195e+000, 0.000000000000000e+000, 2.220446049250313e-016, 0.000000000000000e+000
 2.104000000000000e+001, 5.235987755982987e-001,-1.134464013796314e+000, 0.000000000000000e+000, 2.094395102393196e+000, 0.000000000000000e+000, 0.000000000000000e+000, 0.000000000000000e+000
 2.105000000000000e+001, 5.235987755982987e-001,-1.134464013796315e+000, 0.000000000000000e+000, 2.094395102393196e+000, 0.000000000000000e+000, 0.000000000000000e+000, 0.000000000000000e+000
 2.106000000000000e+001, 5.235987755982992e-001,-1.134464013796314e+000, 0.000000000000000e+000, 2.094395102393195e+000, 0.000000000000000e+000, 0.000000000000000e+000, 0.000000000000000e+000
 2.107000000000000e+001, 5.235987755982987e-001,-1.134464013796314e+000, 0.000000000000000e+000, 2.094395102393196e+000, 0.000000000000000e+000, 0.000000000000000e+000, 0.000000000000000e+000
 2.108000000000000e+001, 5.235987755982987e-001,-1.134464013796314e+000, 0.000000000000000e+000, 2.094395102393196e+000, 0.000000000000000e+000,-2.220446049250313e-016, 0.000000000000000e+000
 2.109000000000000e+001, 5.235987755982992e-001,-1.134464013796314e+000, 0.000000000000000e+000, 2.094395102393195e+000, 0.000000000000000e+000, 2.220446049250313e-016, 0.000000000000000e+000
 2.110000000000000e+001, 5.235987755982992e-001,-1.134464013796314e+000, 0.000000000000000e+000, 2.094395102393195e+000, 0.000000000000000e+000, 0.000000000000000e+000, 0.000000000000000e+000
 2.111000000000000e+001, 5.235987755982983e-001,-1.134464013796314e+000, 0.000000000000000e+000, 2.094395102393195e+000, 0.000000000000000e+000, 0.000000000000000e+000, 0.000000000000000e+000
 2.112000000000000e+001, 5.235987755982987e-001,-1.134464013796314e+000, 0.000000000000000e+000, 2.094395102393195e+000, 0.000000000000000e+000, 0.000000000000000e+000, 0.000000000000000e+000
 2.113000000000000e+001, 5.235987755982992e-001,-1.134464013796314e+000, 0.000000000000000e+000, 2.094395102393194e+000, 0.000000000000000e+000, 0.000000000000000e+000, 0.000000000000000e+000
 2.114000000000000e+001, 5.235987755982983e-001,-1.134464013796314e+000, 0.000000000000000e+000, 2.094395102393196e+000, 0.000000000000000e+000, 2.220446049250313e-016, 0.000000000000000e+000
 2.115000000000000e+001, 5.235987755982992e-001,-1.134464013796314e+000, 0.000000000000000e+000, 2.094395102393195e+000, 0.000000000000000e+000,-2.220446049250313e-016, 0.000000000000000e+000
 2.116000000000000e+001, 5.235987755982983e-001,-1.134464013796315e+000, 0.000000000000000e+000, 2.094395102393195e+000, 0.000000000000000e+000, 0.000000000000000e+000, 0.000000000000000e+000
 2.117000000000000e+001, 5.235987755982987e-001,-1.134464013796315e+000, 0.000000000000000e+000, 2.094395102393194e+000, 0.000000000000000e+000, 0.000000000000000e+000, 0.000000000000000e+000
 2.118000000000000e+001, 5.235987755982987e-001,-1.134464013796314e+000, 0.000000000000000e+000, 2.094395102393194e+000, 0.000000000000000e+000, 2.220446049250313e-016, 0.000000000000000e+000
 2.119000000000000e+001, 5.235987755982992e-001,-1.134464013796314e+000, 0.000000000000000e+000, 2.094395102393196e+000, 0.000000000000000e+000, 0.000000000000000e+000, 0.000000000000000e+000
 2.120000000000000e+001, 5.235987755982987e-001,-1.134464013796314e+000, 0.000000000000000e+000, 2.094395102393195e+000, 0.000000000000000e+000, 2.220446049250313e-016, 0.000000000000000e+000
 2.121000000000000e+001, 5.235987755982983e-001,-1.134464013796315e+000, 0.000000000000000e+000, 2.094395102393195e+000, 0.000000000000000e+000, 0.000000000000000e+000, 0.000000000000000e+000
 2.122000000000000e+001, 5.235987755982987e-001,-1.134464013796314e+000, 0.000000000000000e+000, 2.094395102393196e+000, 0.000000000000000e+000, 2.220446049250313e-016, 0.000000000000000e+000
 2.123000000000000e+001, 5.235987755982987e-001,-1.134464013796314e+000, 0.000000000000000e+000, 2.094395102393196e+000, 0.000000000000000e+000, 0.000000000000000e+000, 0.000000000000000e+000
 2.124000000000000e+001, 5.235987755982983e-001,-1.134464013796315e+000, 0.000000000000000e+000, 2.094395102393195e+000, 0.000000000000000e+000, 0.000000000000000e+000, 0.000000000000000e+000
 2.125000000000000e+001, 5.235987755982987e-001,-1.134464013796314e+000, 0.000000000000000e+000, 2.094395102393195e+000, 0.000000000000000e+000, 0.000000000000000e+000, 0.000000000000000e+000
 2.126000000000000e+001, 5.235987755982992e-001,-1.134464013796314e+000, 0.000000000000000e+000, 2.094395102393195e+000, 0.000000000000000e+000,-2.220446049250313e-016, 0.000000000000000e+000
 2.127000000000000e+001, 5.235987755982992e-001,-1.134464013796314e+000, 0.000000000000000e+000, 2.094395102393195e+000, 0.000000000000000e+000, 0.000000000000000e+000, 0.000000000000000e+000
 2.128000000000000e+001, 5.235987755982992e-001,-1.134464013796314e+000, 0.000000000000000e+000, 2.094395102393195e+000, 0.000000000000000e+000,-2.220446049250313e-016, 0.000000000000000e+000
 2.129000000000000e+001, 5.235987755982983e-001,-1.134464013796315e+000, 0.000000000000000e+000, 2.094395102393195e+000, 0.000000000000000e+000, 2.220446049250313e-016, 0.000000000000000e+000
 2.130000000000000e+001, 5.235987755982987e-001,-1.134464013796314e+000, 0.000000000000000e+000, 2.094395102393194e+000, 0.000000000000000e+000, 0.000000000000000e+000, 0.000000000000000e+000
 2.131000000000000e+001, 5.235987755982987e-001,-1.134464013796314e+000, 0.000000000000000e+000, 2.094395102393195e+000, 0.000000000000000e+000, 2.220446049250313e-016, 0.000000000000000e+000
 2.132000000000000e+001, 5.235987755982983e-001,-1.134464013796314e+000, 0.000000000000000e+000, 2.094395102393196e+000, 0.000000000000000e+000, 2.220446049250313e-016, 0.000000000000000e+000
 2.133000000000000e+001, 5.235987755982987e-001,-1.134464013796314e+000, 0.000000000000000e+000, 2.094395102393196e+000, 0.000000000000000e+000, 0.000000000000000e+000, 0.000000000000000e+000
 2.134000000000000e+001, 5.235987755982987e-001,-1.134464013796314e+000, 0.000000000000000e+000, 2.094395102393195e+000, 0.000000000000000e+000,-4.440892098500626e-016, 0.000000000000000e+000
 2.135000000000000e+001, 5.235987755982983e-001,-1.134464013796314e+000, 0.000000000000000e+000, 2.094395102393195e+000, 0.000000000000000e+000, 0.000000000000000e+000, 0.000000000000000e+000
 2.136000000000000e+001, 5.235987755982992e-001,-1.134464013796314e+000, 0.000000000000000e+000, 2.094395102393195e+000, 0.000000000000000e+000, 0.000000000000000e+000, 0.000000000000000e+000
 2.137000000000000e+001, 5.235987755982983e-001,-1.134464013796314e+000, 0.000000000000000e+000, 2.094395102393196e+000, 0.000000000000000e+000, 0.000000000000000e+000, 0.000000000000000e+000
 2.138000000000000e+001, 5.235987755982992e-001,-1.134464013796314e+000, 0.000000000000000e+000, 2.094395102393194e+000, 0.000000000000000e+000, 0.000000000000000e+000, 0.000000000000000e+000
 2.139000000000000e+001, 5.235987755982987e-001,-1.134464013796314e+000, 0.000000000000000e+000, 2.094395102393195e+000, 0.000000000000000e+000, 0.000000000000000e+000, 0.000000000000000e+000
 2.140000000000000e+001, 5.235987755982992e-001,-1.134464013796314e+000, 0.000000000000000e+000, 2.094395102393195e+000, 0.000000000000000e+000, 0.000000000000000e+000, 0.000000000000000e+000
 2.141000000000000e+001, 5.235987755982992e-001,-1.134464013796313e+000, 0.000000000000000e+000, 2.094395102393196e+000, 0.000000000000000e+000, 0.000000000000000e+000, 0.000000000000000e+000
 2.142000000000000e+001, 5.235987755982992e-001,-1.134464013796315e+000, 0.000000000000000e+000, 2.094395102393195e+000, 0.000000000000000e+000, 0.000000000000000e+000, 0.000000000000000e+000
 2.143000000000000e+001, 5.235987755982992e-001,-1.134464013796314e+000, 0.000000000000000e+000, 2.094395102393195e+000, 0.000000000000000e+000, 0.000000000000000e+000, 0.000000000000000e+000
 2.144000000000000e+001, 5.235987755982992e-001,-1.134464013796315e+000, 0.000000000000000e+000, 2.094395102393194e+000, 0.000000000000000e+000, 0.000000000000000e+000, 0.000000000000000e+000
 2.145000000000000e+001, 5.235987755982992e-001,-1.134464013796314e+000, 0.000000000000000e+000, 2.094395102393195e+000, 0.000000000000000e+000, 0.000000000000000e+000, 0.000000000000000e+000
 2.146000000000000e+001, 5.235987755982992e-001,-1.134464013796314e+000, 0.000000000000000e+000, 2.094395102393195e+000, 0.000000000000000e+000, 0.000000000000000e+000, 0.000000000000000e+000
 2.147000000000000e+001, 5.235987755982987e-001,-1.134464013796315e+000, 0.000000000000000e+000, 2.094395102393195e+000, 0.000000000000000e+000, 0.000000000000000e+000, 0.000000000000000e+000
 2.148000000000000e+001, 5.235987755982992e-001,-1.134464013796314e+000, 0.000000000000000e+000, 2.094395102393196e+000, 0.000000000000000e+000, 0.000000000000000e+000, 0.000000000000000e+000
 2.149000000000000e+001, 5.235987755982992e-001,-1.134464013796314e+000, 0.000000000000000e+000, 2.094395102393196e+000, 0.000000000000000e+000, 2.220446049250313e-016, 0.000000000000000e+000
 2.150000000000000e+001, 5.235987755982992e-001,-1.134464013796314e+000, 0.000000000000000e+000, 2.094395102393195e+000, 0.000000000000000e+000, 0.000000000000000e+000, 0.000000000000000e+000
 2.151000000000000e+001, 5.235987755982987e-001,-1.134464013796314e+000, 0.000000000000000e+000, 2.094395102393196e+000, 0.000000000000000e+000, 0.000000000000000e+000, 0.000000000000000e+000
 2.152000000000000e+001, 5.235987755982992e-001,-1.134464013796314e+000, 0.000000000000000e+000, 2.094395102393196e+000, 0.000000000000000e+000, 0.000000000000000e+000, 0.000000000000000e+000
 2.153000000000000e+001, 5.235987755982992e-001,-1.134464013796314e+000, 0.000000000000000e+000, 2.094395102393195e+000, 0.000000000000000e+000, 0.000000000000000e+000, 0.000000000000000e+000
 2.154000000000000e+001, 5.235987755982992e-001,-1.134464013796314e+000, 0.000000000000000e+000, 2.094395102393195e+000, 0.000000000000000e+000, 0.000000000000000e+000, 0.000000000000000e+000
 2.155000000000000e+001, 5.235987755982987e-001,-1.134464013796314e+000, 0.000000000000000e+000, 2.094395102393195e+000, 0.000000000000000e+000,-2.220446049250313e-016, 0.000000000000000e+000
 2.156000000000000e+001, 5.235987755982983e-001,-1.134464013796314e+000, 0.000000000000000e+000, 2.094395102393196e+000, 0.000000000000000e+000, 0.000000000000000e+000, 0.000000000000000e+000
 2.157000000000000e+001, 5.235987755982992e-001,-1.134464013796314e+000, 0.000000000000000e+000, 2.094395102393196e+000, 0.000000000000000e+000, 0.000000000000000e+000, 0.000000000000000e+000
 2.158000000000000e+001, 5.235987755982992e-001,-1.134464013796314e+000, 0.000000000000000e+000, 2.094395102393196e+000, 0.000000000000000e+000, 0.000000000000000e+000, 0.000000000000000e+000
 2.159000000000000e+001, 5.235987755982987e-001,-1.134464013796314e+000, 0.000000000000000e+000, 2.094395102393196e+000, 0.000000000000000e+000,-2.220446049250313e-016, 0.000000000000000e+000
 2.160000000000000e+001, 5.235987755982987e-001,-1.134464013796314e+000, 0.000000000000000e+000, 2.094395102393195e+000, 0.000000000000000e+000, 0.000000000000000e+000, 0.000000000000000e+000
 2.161000000000000e+001, 5.235987755982987e-001,-1.134464013796314e+000, 0.000000000000000e+000, 2.094395102393195e+000, 0.000000000000000e+000, 2.220446049250313e-016, 0.000000000000000e+000
 2.162000000000000e+001, 5.235987755982987e-001,-1.134464013796315e+000, 0.000000000000000e+000, 2.094395102393196e+000, 0.000000000000000e+000, 0.000000000000000e+000, 0.000000000000000e+000
 2.163000000000000e+001, 5.235987755982983e-001,-1.134464013796314e+000, 0.000000000000000e+000, 2.094395102393194e+000, 0.000000000000000e+000, 2.220446049250313e-016, 0.000000000000000e+000
 2.164000000000000e+001, 5.235987755982987e-001,-1.134464013796314e+000, 0.000000000000000e+000, 2.094395102393195e+000, 0.000000000000000e+000,-2.220446049250313e-016, 0.000000000000000e+000
 2.165000000000000e+001, 5.235987755982987e-001,-1.134464013796315e+000, 0.000000000000000e+000, 2.094395102393195e+000, 0.000000000000000e+000,-2.220446049250313e-016, 0.000000000000000e+000
 2.166000000000000e+001, 5.235987755982987e-001,-1.134464013796314e+000, 0.000000000000000e+000, 2.094395102393196e+000, 0.000000000000000e+000, 0.000000000000000e+000, 0.000000000000000e+000
 2.167000000000000e+001, 5.235987755982992e-001,-1.134464013796314e+000, 0.000000000000000e+000, 2.094395102393196e+000, 0.000000000000000e+000, 0.000000000000000e+000, 0.000000000000000e+000
 2.168000000000000e+001, 5.235987755982992e-001,-1.134464013796315e+000, 0.000000000000000e+000, 2.094395102393195e+000, 0.000000000000000e+000, 2.220446049250313e-016, 0.000000000000000e+000
 2.169000000000000e+001, 5.235987755982987e-001,-1.134464013796314e+000, 0.000000000000000e+000, 2.094395102393195e+000, 0.000000000000000e+000, 0.000000000000000e+000, 0.000000000000000e+000
 2.170000000000000e+001, 5.235987755982987e-001,-1.134464013796314e+000, 0.000000000000000e+000, 2.094395102393195e+000, 0.000000000000000e+000, 0.000000000000000e+000, 0.000000000000000e+000
 2.171000000000000e+001, 5.235987755982992e-001,-1.134464013796314e+000, 0.000000000000000e+000, 2.094395102393195e+000, 0.000000000000000e+000, 0.000000000000000e+000, 0.000000000000000e+000
 2.172000000000000e+001, 5.235987755982987e-001,-1.134464013796315e+000, 0.000000000000000e+000, 2.094395102393195e+000, 0.000000000000000e+000, 0.000000000000000e+000, 0.000000000000000e+000
 2.173000000000000e+001, 5.235987755982992e-001,-1.134464013796313e+000, 0.000000000000000e+000, 2.094395102393196e+000, 0.000000000000000e+000, 0.000000000000000e+000, 0.000000000000000e+000
 2.174000000000000e+001, 5.235987755982992e-001,-1.134464013796314e+000, 0.000000000000000e+000, 2.094395102393195e+000, 0.000000000000000e+000, 0.000000000000000e+000, 0.000000000000000e+000
 2.175000000000000e+001, 5.235987755982992e-001,-1.134464013796315e+000, 0.000000000000000e+000, 2.094395102393195e+000, 0.000000000000000e+000, 0.000000000000000e+000, 0.000000000000000e+000
 2.176000000000000e+001, 5.235987755982992e-001,-1.134464013796314e+000, 0.000000000000000e+000, 2.094395102393195e+000, 0.000000000000000e+000, 0.000000000000000e+000, 0.000000000000000e+000
 2.177000000000000e+001, 5.235987755982992e-001,-1.134464013796315e+000, 0.000000000000000e+000, 2.094395102393194e+000, 0.000000000000000e+000,-2.220446049250313e-016, 0.000000000000000e+000
 2.178000000000000e+001, 5.235987755982992e-001,-1.134464013796314e+000, 0.000000000000000e+000, 2.094395102393196e+000, 0.000000000000000e+000, 0.000000000000000e+000, 0.000000000000000e+000
 2.179000000000000e+001, 5.235987755982992e-001,-1.134464013796315e+000, 0.000000000000000e+000, 2.094395102393195e+000, 0.000000000000000e+000,-2.220446049250313e-016, 0.000000000000000e+000
 2.180000000000000e+001, 5.235987755982987e-001,-1.134464013796315e+000, 0.000000000000000e+000, 2.094395102393196e+000, 0.000000000000000e+000,-2.220446049250313e-016, 0.000000000000000e+000
 2.181000000000000e+001, 5.235987755982987e-001,-1.134464013796314e+000, 0.000000000000000e+000, 2.094395102393196e+000, 0.000000000000000e+000, 2.220446049250313e-016, 0.000000000000000e+000
 2.182000000000000e+001, 5.235987755982987e-001,-1.134464013796315e+000, 0.000000000000000e+000, 2.094395102393195e+000, 0.000000000000000e+000, 0.000000000000000e+000, 0.000000000000000e+000
 2.183000000000000e+001, 5.235987755982987e-001,-1.134464013796315e+000, 0.000000000000000e+000, 2.094395102393195e+000, 0.000000000000000e+000, 0.000000000000000e+000, 0.000000000000000e+000
 2.184000000000000e+001, 5.235987755982992e-001,-1.134464013796314e+000, 0.000000000000000e+000, 2.094395102393196e+000, 0.000000000000000e+000, 0.000000000000000e+000, 0.000000000000000e+000
 2.185000000000000e+001, 5.235987755982992e-001,-1.134464013796314e+000, 0.000000000000000e+000, 2.094395102393196e+000, 0.000000000000000e+000,-2.220446049250313e-016, 0.000000000000000e+000
 2.186000000000000e+001, 5.235987755982987e-001,-1.134464013796315e+000, 0.000000000000000e+000, 2.094395102393196e+000, 0.000000000000000e+000, 0.000000000000000e+000, 0.000000000000000e+000
 2.187000000000000e+001, 5.235987755982987e-001,-1.134464013796315e+000, 0.000000000000000e+000, 2.094395102393195e+000, 0.000000000000000e+000, 0.000000000000000e+000, 0.000000000000000e+000
 2.188000000000000e+001, 5.235987755982987e-001,-1.134464013796314e+000, 0.000000000000000e+000, 2.094395102393195e+000, 0.000000000000000e+000, 0.000000000000000e+000, 0.000000000000000e+000
 2.189000000000000e+001, 5.235987755982992e-001,-1.134464013796314e+000, 0.000000000000000e+000, 2.094395102393195e+000, 0.000000000000000e+000, 0.000000000000000e+000, 0.000000000000000e+000
 2.190000000000000e+001, 5.235987755982983e-001,-1.134464013796314e+000, 0.000000000000000e+000, 2.094395102393195e+000, 0.000000000000000e+000, 0.000000000000000e+000, 0.000000000000000e+000
 2.191000000000000e+001, 5.235987755982992e-001,-1.134464013796315e+000, 0.000000000000000e+000, 2.094395102393195e+000, 0.000000000000000e+000, 0.000000000000000e+000, 0.000000000000000e+000
 2.192000000000000e+001, 5.235987755982992e-001,-1.134464013796314e+000, 0.000000000000000e+000, 2.094395102393194e+000, 0.000000000000000e+000, 0.000000000000000e+000, 0.000000000000000e+000
 2.193000000000000e+001, 5.235987755982987e-001,-1.134464013796314e+000, 0.000000000000000e+000, 2.094395102393195e+000, 0.000000000000000e+000, 0.000000000000000e+000, 0.000000000000000e+000
 2.194000000000000e+001, 5.235987755982987e-001,-1.134464013796314e+000, 0.000000000000000e+000, 2.094395102393196e+000, 0.000000000000000e+000, 2.220446049250313e-016, 0.000000000000000e+000
 2.195000000000000e+001, 5.235987755982987e-001,-1.134464013796314e+000, 0.000000000000000e+000, 2.094395102393195e+000, 0.000000000000000e+000, 0.000000000000000e+000, 0.000000000000000e+000
 2.196000000000000e+001, 5.235987755982992e-001,-1.134464013796314e+000, 0.000000000000000e+000, 2.094395102393196e+000, 0.000000000000000e+000, 0.000000000000000e+000, 0.000000000000000e+000
 2.197000000000000e+001, 5.235987755982987e-001,-1.134464013796314e+000, 0.000000000000000e+000, 2.094395102393194e+000, 0.000000000000000e+000, 0.000000000000000e+000, 0.000000000000000e+000
 2.198000000000000e+001, 5.235987755982992e-001,-1.134464013796314e+000, 0.000000000000000e+000, 2.094395102393196e+000, 0.000000000000000e+000,-2.220446049250313e-016, 0.000000000000000e+000
 2.199000000000000e+001, 5.235987755982992e-001,-1.134464013796315e+000, 0.000000000000000e+000, 2.094395102393195e+000, 0.000000000000000e+000, 0.000000000000000e+000, 0.000000000000000e+000
 2.200000000000000e+001, 5.235987755982992e-001,-1.134464013796314e+000, 0.000000000000000e+000, 2.094395102393196e+000, 0.000000000000000e+000, 0.000000000000000e+000, 0.000000000000000e+000
 2.201000000000000e+001, 5.235987755982992e-001,-1.134464013796314e+000, 0.000000000000000e+000, 2.094395102393196e+000, 0.000000000000000e+000, 0.000000000000000e+000, 0.000000000000000e+000
 2.202000000000000e+001, 5.235987755982987e-001,-1.134464013796314e+000, 0.000000000000000e+000, 2.094395102393196e+000, 0.000000000000000e+000, 0.000000000000000e+000, 0.000000000000000e+000
 2.203000000000000e+001, 5.235987755982987e-001,-1.134464013796314e+000, 0.000000000000000e+000, 2.094395102393196e+000, 0.000000000000000e+000,-2.220446049250313e-016, 0.000000000000000e+000
 2.204000000000000e+001, 5.235987755982987e-001,-1.134464013796314e+000, 0.000000000000000e+000, 2.094395102393196e+000, 0.000000000000000e+000, 0.000000000000000e+000, 0.000000000000000e+000
 2.205000000000000e+001, 5.235987755982992e-001,-1.134464013796314e+000, 0.000000000000000e+000, 2.094395102393196e+000, 0.000000000000000e+000,-2.220446049250313e-016, 0.000000000000000e+000
 2.206000000000000e+001, 5.235987755982987e-001,-1.134464013796314e+000, 0.000000000000000e+000, 2.094395102393196e+000, 0.000000000000000e+000, 2.220446049250313e-016, 0.000000000000000e+000
 2.207000000000000e+001, 5.235987755982987e-001,-1.134464013796314e+000, 0.000000000000000e+000, 2.094395102393195e+000, 0.000000000000000e+000, 0.000000000000000e+000, 0.000000000000000e+000
 2.208000000000000e+001, 5.235987755982983e-001,-1.134464013796314e+000, 0.000000000000000e+000, 2.094395102393195e+000, 0.000000000000000e+000, 0.000000000000000e+000, 0.000000000000000e+000
 2.209000000000000e+001, 5.235987755982987e-001,-1.134464013796315e+000, 0.000000000000000e+000, 2.094395102393195e+000, 0.000000000000000e+000, 0.000000000000000e+000, 0.000000000000000e+000
 2.210000000000000e+001, 5.235987755982992e-001,-1.134464013796314e+000, 0.000000000000000e+000, 2.094395102393195e+000, 0.000000000000000e+000, 0.000000000000000e+000, 0.000000000000000e+000
 2.211000000000000e+001, 5.235987755982987e-001,-1.134464013796314e+000, 0.000000000000000e+000, 2.094395102393195e+000, 0.000000000000000e+000, 0.000000000000000e+000, 0.000000000000000e+000
 2.212000000000000e+001, 5.235987755982987e-001,-1.134464013796314e+000, 0.000000000000000e+000, 2.094395102393195e+000, 0.000000000000000e+000, 0.000000000000000e+000, 0.000000000000000e+000
 2.213000000000000e+001, 5.235987755982987e-001,-1.134464013796314e+000, 0.000000000000000e+000, 2.094395102393195e+000, 0.000000000000000e+000, 0.000000000000000e+000, 0.000000000000000e+000
 2.214000000000000e+001, 5.235987755982987e-001,-1.134464013796313e+000, 0.000000000000000e+000, 2.094395102393195e+000, 0.000000000000000e+000, 0.000000000000000e+000, 0.000000000000000e+000
 2.215000000000000e+001, 5.235987755982987e-001,-1.134464013796314e+000, 0.000000000000000e+000, 2.094395102393195e+000, 0.000000000000000e+000, 0.000000000000000e+000, 0.000000000000000e+000
 2.216000000000000e+001, 5.235987755982987e-001,-1.134464013796313e+000, 0.000000000000000e+000, 2.094395102393195e+000, 0.000000000000000e+000, 2.220446049250313e-016, 0.000000000000000e+000
 2.217000000000000e+001, 5.235987755982992e-001,-1.134464013796314e+000, 0.000000000000000e+000, 2.094395102393196e+000, 0.000000000000000e+000, 0.000000000000000e+000, 0.000000000000000e+000
 2.218000000000000e+001, 5.235987755982992e-001,-1.134464013796314e+000, 0.000000000000000e+000, 2.094395102393196e+000, 0.000000000000000e+000, 0.000000000000000e+000, 0.000000000000000e+000
 2.219000000000000e+001, 5.235987755982992e-001,-1.134464013796313e+000, 0.000000000000000e+000, 2.094395102393196e+000, 0.000000000000000e+000, 0.000000000000000e+000, 0.000000000000000e+000
 2.220000000000000e+001, 5.235987755982992e-001,-1.134464013796314e+000, 0.000000000000000e+000, 2.094395102393195e+000, 0.000000000000000e+000,-2.220446049250313e-016, 0.000000000000000e+000
 2.221000000000000e+001, 5.235987755982992e-001,-1.134464013796314e+000, 0.000000000000000e+000, 2.094395102393195e+000, 0.000000000000000e+000, 0.000000000000000e+000, 0.000000000000000e+000
 2.222000000000000e+001, 5.235987755982987e-001,-1.134464013796314e+000, 0.000000000000000e+000, 2.094395102393196e+000, 0.000000000000000e+000,-2.220446049250313e-016, 0.000000000000000e+000
 2.223000000000000e+001, 5.235987755982992e-001,-1.134464013796314e+000, 0.000000000000000e+000, 2.094395102393196e+000, 0.000000000000000e+000, 0.000000000000000e+000, 0.000000000000000e+000
 2.224000000000000e+001, 5.235987755982992e-001,-1.134464013796315e+000, 0.000000000000000e+000, 2.094395102393196e+000, 0.000000000000000e+000, 0.000000000000000e+000, 0.000000000000000e+000
 2.225000000000000e+001, 5.235987755982992e-001,-1.134464013796315e+000, 0.000000000000000e+000, 2.094395102393195e+000, 0.000000000000000e+000, 0.000000000000000e+000, 0.000000000000000e+000
 2.226000000000000e+001, 5.235987755982987e-001,-1.134464013796314e+000, 0.000000000000000e+000, 2.094395102393196e+000, 0.000000000000000e+000, 0.000000000000000e+000, 0.000000000000000e+000
 2.227000000000000e+001, 5.235987755982987e-001,-1.134464013796314e+000, 0.000000000000000e+000, 2.094395102393195e+000, 0.000000000000000e+000,-2.220446049250313e-016, 0.000000000000000e+000
 2.228000000000000e+001, 5.235987755982992e-001,-1.134464013796315e+000, 0.000000000000000e+000, 2.094395102393196e+000, 0.000000000000000e+000, 2.220446049250313e-016, 0.000000000000000e+000
 2.229000000000000e+001, 5.235987755982983e-001,-1.134464013796315e+000, 0.000000000000000e+000, 2.094395102393196e+000, 0.000000000000000e+000, 0.000000000000000e+000, 0.000000000000000e+000
 2.230000000000000e+001, 5.235987755982992e-001,-1.134464013796314e+000, 0.000000000000000e+000, 2.094395102393196e+000, 0.000000000000000e+000, 0.000000000000000e+000, 0.000000000000000e+000
 2.231000000000000e+001, 5.235987755982983e-001,-1.134464013796314e+000, 0.000000000000000e+000, 2.094395102393196e+000, 0.000000000000000e+000, 0.000000000000000e+000, 0.000000000000000e+000
 2.232000000000000e+001, 5.235987755982987e-001,-1.134464013796315e+000, 0.000000000000000e+000, 2.094395102393195e+000, 0.000000000000000e+000,-2.220446049250313e-016, 0.000000000000000e+000
 2.233000000000000e+001, 5.235987755982987e-001,-1.134464013796315e+000, 0.000000000000000e+000, 2.094395102393196e+000, 0.000000000000000e+000, 2.220446049250313e-016, 0.000000000000000e+000
 2.234000000000000e+001, 5.235987755982983e-001,-1.134464013796314e+000, 0.000000000000000e+000, 2.094395102393196e+000, 0.000000000000000e+000, 0.000000000000000e+000, 0.000000000000000e+000
 2.235000000000000e+001, 5.235987755982992e-001,-1.134464013796315e+000, 0.000000000000000e+000, 2.094395102393195e+000, 0.000000000000000e+000, 2.220446049250313e-016, 0.000000000000000e+000
 2.236000000000000e+001, 5.235987755982983e-001,-1.134464013796315e+000, 0.000000000000000e+000, 2.094395102393196e+000, 0.000000000000000e+000, 0.000000000000000e+000, 0.000000000000000e+000
 2.237000000000000e+001, 5.235987755982992e-001,-1.134464013796314e+000, 0.000000000000000e+000, 2.094395102393196e+000, 0.000000000000000e+000, 0.000000000000000e+000, 0.000000000000000e+000
 2.238000000000000e+001, 5.235987755982987e-001,-1.134464013796314e+000, 0.000000000000000e+000, 2.094395102393196e+000, 0.000000000000000e+000,-2.220446049250313e-016, 0.000000000000000e+000
 2.239000000000000e+001, 5.235987755982987e-001,-1.134464013796315e+000, 0.000000000000000e+000, 2.094395102393196e+000, 0.000000000000000e+000, 0.000000000000000e+000, 0.000000000000000e+000
 2.240000000000000e+001, 5.235987755982987e-001,-1.134464013796314e+000, 0.000000000000000e+000, 2.094395102393195e+000, 0.000000000000000e+000, 0.000000000000000e+000, 0.000000000000000e+000
 2.241000000000000e+001, 5.235987755982987e-001,-1.134464013796315e+000, 0.000000000000000e+000, 2.094395102393195e+000, 0.000000000000000e+000, 0.000000000000000e+000, 0.000000000000000e+000
 2.242000000000000e+001, 5.235987755982987e-001,-1.134464013796314e+000, 0.000000000000000e+000, 2.094395102393196e+000, 0.000000000000000e+000, 0.000000000000000e+000, 0.000000000000000e+000
 2.243000000000000e+001, 5.235987755982987e-001,-1.134464013796315e+000, 0.000000000000000e+000, 2.094395102393196e+000, 0.000000000000000e+000, 0.000000000000000e+000, 0.000000000000000e+000
 2.244000000000000e+001, 5.235987755982992e-001,-1.134464013796314e+000, 0.000000000000000e+000, 2.094395102393195e+000, 0.000000000000000e+000, 0.000000000000000e+000, 0.000000000000000e+000
 2.245000000000000e+001, 5.235987755982992e-001,-1.134464013796314e+000, 0.000000000000000e+000, 2.094395102393196e+000, 0.000000000000000e+000, 0.000000000000000e+000, 0.000000000000000e+000
 2.246000000000000e+001, 5.235987755982987e-001,-1.134464013796314e+000, 0.000000000000000e+000, 2.094395102393196e+000, 0.000000000000000e+000, 0.000000000000000e+000, 0.000000000000000e+000
 2.247000000000000e+001, 5.235987755982987e-001,-1.134464013796315e+000, 0.000000000000000e+000, 2.094395102393196e+000, 0.000000000000000e+000, 0.000000000000000e+000, 0.000000000000000e+000
 2.248000000000000e+001, 5.235987755982987e-001,-1.134464013796314e+000, 0.000000000000000e+000, 2.094395102393195e+000, 0.000000000000000e+000, 2.220446049250313e-016, 0.000000000000000e+000
 2.249000000000000e+001, 5.235987755982992e-001,-1.134464013796314e+000, 0.000000000000000e+000, 2.094395102393196e+000, 0.000000000000000e+000, 0.000000000000000e+000, 0.000000000000000e+000
 2.250000000000000e+001, 5.235987755982987e-001,-1.134464013796315e+000, 0.000000000000000e+000, 2.094395102393195e+000, 0.000000000000000e+000, 0.000000000000000e+000, 0.000000000000000e+000
 2.251000000000000e+001, 5.235987755982987e-001,-1.134464013796314e+000, 0.000000000000000e+000, 2.094395102393196e+000, 0.000000000000000e+000,-2.220446049250313e-016, 0.000000000000000e+000
 2.252000000000000e+001, 5.235987755982992e-001,-1.134464013796314e+000, 0.000000000000000e+000, 2.094395102393195e+000, 0.000000000000000e+000, 0.000000000000000e+000, 0.000000000000000e+000
 2.253000000000000e+001, 5.235987755982992e-001,-1.134464013796314e+000, 0.000000000000000e+000, 2.094395102393195e+000, 0.000000000000000e+000, 0.000000000000000e+000, 0.000000000000000e+000
 2.254000000000000e+001, 5.235987755982992e-001,-1.134464013796314e+000, 0.000000000000000e+000, 2.094395102393195e+000, 0.000000000000000e+000, 2.220446049250313e-016, 0.000000000000000e+000
 2.255000000000000e+001, 5.235987755982987e-001,-1.134464013796315e+000, 0.000000000000000e+000, 2.094395102393195e+000, 0.000000000000000e+000, 0.000000000000000e+000, 0.000000000000000e+000
 2.256000000000000e+001, 5.235987755982987e-001,-1.134464013796314e+000, 0.000000000000000e+000, 2.094395102393196e+000, 0.000000000000000e+000, 0.000000000000000e+000, 0.000000000000000e+000
 2.257000000000000e+001, 5.235987755982992e-001,-1.134464013796314e+000, 0.000000000000000e+000, 2.094395102393196e+000, 0.000000000000000e+000, 0.000000000000000e+000, 0.000000000000000e+000
 2.258000000000000e+001, 5.235987755982992e-001,-1.134464013796314e+000, 0.000000000000000e+000, 2.094395102393196e+000, 0.000000000000000e+000, 0.000000000000000e+000, 0.000000000000000e+000
 2.259000000000000e+001, 5.235987755982992e-001,-1.134464013796314e+000, 0.000000000000000e+000, 2.094395102393194e+000, 0.000000000000000e+000,-2.220446049250313e-016, 0.000000000000000e+000
 2.260000000000000e+001, 5.235987755982983e-001,-1.134464013796315e+000, 0.000000000000000e+000, 2.094395102393195e+000, 0.000000000000000e+000,-2.220446049250313e-016, 0.000000000000000e+000
 2.261000000000000e+001, 5.235987755982992e-001,-1.134464013796313e+000, 0.000000000000000e+000, 2.094395102393196e+000, 0.000000000000000e+000, 2.220446049250313e-016, 0.000000000000000e+000
 2.262000000000000e+001, 5.235987755982987e-001,-1.134464013796314e+000, 0.000000000000000e+000, 2.094395102393195e+000, 0.000000000000000e+000, 0.000000000000000e+000, 0.000000000000000e+000
 2.263000000000000e+001, 5.235987755982983e-001,-1.134464013796314e+000, 0.000000000000000e+000, 2.094395102393195e+000, 0.000000000000000e+000, 0.000000000000000e+000, 0.000000000000000e+000
 2.264000000000000e+001, 5.235987755982992e-001,-1.134464013796315e+000, 0.000000000000000e+000, 2.094395102393196e+000, 0.000000000000000e+000, 0.000000000000000e+000, 0.000000000000000e+000
 2.265000000000000e+001, 5.235987755982983e-001,-1.134464013796314e+000, 0.000000000000000e+000, 2.094395102393195e+000, 0.000000000000000e+000, 0.000000000000000e+000, 0.000000000000000e+000
 2.266000000000000e+001, 5.235987755982983e-001,-1.134464013796314e+000, 0.000000000000000e+000, 2.094395102393195e+000, 0.000000000000000e+000, 2.220446049250313e-016, 0.000000000000000e+000
 2.267000000000000e+001, 5.235987755982992e-001,-1.134464013796314e+000, 0.000000000000000e+000, 2.094395102393194e+000, 0.000000000000000e+000,-2.220446049250313e-016, 0.000000000000000e+000
 2.268000000000000e+001, 5.235987755982987e-001,-1.134464013796314e+000, 0.000000000000000e+000, 2.094395102393195e+000, 0.000000000000000e+000,-2.220446049250313e-016, 0.000000000000000e+000
 2.269000000000000e+001, 5.235987755982992e-001,-1.134464013796314e+000, 0.000000000000000e+000, 2.094395102393195e+000, 0.000000000000000e+000,-2.220446049250313e-016, 0.000000000000000e+000
 2.270000000000000e+001, 5.235987755982983e-001,-1.134464013796315e+000, 0.000000000000000e+000, 2.094395102393196e+000, 0.000000000000000e+000, 0.000000000000000e+000, 0.000000000000000e+000
 2.271000000000000e+001, 5.235987755982992e-001,-1.134464013796314e+000, 0.000000000000000e+000, 2.094395102393195e+000, 0.000000000000000e+000,-2.220446049250313e-016, 0.000000000000000e+000
 2.272000000000000e+001, 5.235987755982992e-001,-1.134464013796314e+000, 0.000000000000000e+000, 2.094395102393196e+000, 0.000000000000000e+000, 4.440892098500626e-016, 0.000000000000000e+000
 2.273000000000000e+001, 5.235987755982987e-001,-1.134464013796313e+000, 0.000000000000000e+000, 2.094395102393195e+000, 0.000000000000000e+000, 0.000000000000000e+000, 0.000000000000000e+000
 2.274000000000000e+001, 5.235987755982992e-001,-1.134464013796315e+000, 0.000000000000000e+000, 2.094395102393196e+000, 0.000000000000000e+000, 0.000000000000000e+000, 0.000000000000000e+000
 2.275000000000000e+001, 5.235987755982987e-001,-1.134464013796315e+000, 0.000000000000000e+000, 2.094395102393196e+000, 0.000000000000000e+000,-2.220446049250313e-016, 0.000000000000000e+000
 2.276000000000000e+001, 5.235987755982987e-001,-1.134464013796314e+000, 0.000000000000000e+000, 2.094395102393194e+000, 0.000000000000000e+000, 0.000000000000000e+000, 0.000000000000000e+000
 2.277000000000000e+001, 5.235987755982992e-001,-1.134464013796314e+000, 0.000000000000000e+000, 2.094395102393196e+000, 0.000000000000000e+000,-2.220446049250313e-016, 0.000000000000000e+000
 2.278000000000000e+001, 5.235987755982983e-001,-1.134464013796315e+000, 0.000000000000000e+000, 2.094395102393195e+000, 0.000000000000000e+000, 0.000000000000000e+000, 0.000000000000000e+000
 2.279000000000000e+001, 5.235987755982992e-001,-1.134464013796315e+000, 0.000000000000000e+000, 2.094395102393196e+000, 0.000000000000000e+000, 0.000000000000000e+000, 0.000000000000000e+000
 2.280000000000000e+001, 5.235987755982987e-001,-1.134464013796314e+000, 0.000000000000000e+000, 2.094395102393195e+000, 0.000000000000000e+000, 0.000000000000000e+000, 0.000000000000000e+000
 2.281000000000000e+001, 5.235987755982987e-001,-1.134464013796315e+000, 0.000000000000000e+000, 2.094395102393195e+000, 0.000000000000000e+000, 2.220446049250313e-016, 0.000000000000000e+000
 2.282000000000000e+001, 5.235987755982992e-001,-1.134464013796315e+000, 0.000000000000000e+000, 2.094395102393194e+000, 0.000000000000000e+000, 0.000000000000000e+000, 0.000000000000000e+000
 2.283000000000000e+001, 5.235987755982987e-001,-1.134464013796314e+000, 0.000000000000000e+000, 2.094395102393196e+000, 0.000000000000000e+000, 0.000000000000000e+000, 0.000000000000000e+000
 2.284000000000000e+001, 5.235987755982987e-001,-1.134464013796315e+000, 0.000000000000000e+000, 2.094395102393195e+000, 0.000000000000000e+000,-2.220446049250313e-016, 0.000000000000000e+000
 2.285000000000000e+001, 5.235987755982992e-001,-1.134464013796315e+000, 0.000000000000000e+000, 2.094395102393196e+000, 0.000000000000000e+000, 0.000000000000000e+000, 0.000000000000000e+000
 2.286000000000000e+001, 5.235987755982987e-001,-1.134464013796315e+000, 0.000000000000000e+000, 2.094395102393196e+000, 0.000000000000000e+000, 0.000000000000000e+000, 0.000000000000000e+000
 2.287000000000000e+001, 5.235987755982992e-001,-1.134464013796314e+000, 0.000000000000000e+000, 2.094395102393196e+000, 0.000000000000000e+000, 0.000000000000000e+000, 0.000000000000000e+000
 2.288000000000000e+001, 5.235987755982992e-001,-1.134464013796314e+000, 0.000000000000000e+000, 2.094395102393195e+000, 0.000000000000000e+000,-2.220446049250313e-016, 0.000000000000000e+000
 2.289000000000000e+001, 5.235987755982983e-001,-1.134464013796314e+000, 0.000000000000000e+000, 2.094395102393195e+000, 0.000000000000000e+000, 2.220446049250313e-016, 0.000000000000000e+000
 2.290000000000000e+001, 5.235987755982992e-001,-1.134464013796314e+000, 0.000000000000000e+000, 2.094395102393194e+000, 0.000000000000000e+000, 2.220446049250313e-016, 0.000000000000000e+000
 2.291000000000000e+001, 5.235987755982987e-001,-1.134464013796314e+000, 0.000000000000000e+000, 2.094395102393195e+000, 0.000000000000000e+000, 0.000000000000000e+000, 0.000000000000000e+000
 2.292000000000000e+001, 5.235987755982987e-001,-1.134464013796314e+000, 0.000000000000000e+000, 2.094395102393196e+000, 0.000000000000000e+000, 0.000000000000000e+000, 0.000000000000000e+000
 2.293000000000000e+001, 5.235987755982992e-001,-1.134464013796314e+000, 0.000000000000000e+000, 2.094395102393195e+000, 0.000000000000000e+000, 2.220446049250313e-016, 0.000000000000000e+000
 2.294000000000000e+001, 5.235987755982987e-001,-1.134464013796315e+000, 0.000000000000000e+000, 2.094395102393196e+000, 0.000000000000000e+000,-2.220446049250313e-016, 0.000000000000000e+000
 2.295000000000000e+001, 5.235987755982987e-001,-1.134464013796314e+000, 0.000000000000000e+000, 2.094395102393196e+000, 0.000000000000000e+000, 2.220446049250313e-016, 0.000000000000000e+000
 2.296000000000000e+001, 5.235987755982992e-001,-1.134464013796314e+000, 0.000000000000000e+000, 2.094395102393195e+000, 0.000000000000000e+000, 0.000000000000000e+000, 0.000000000000000e+000
 2.297000000000000e+001, 5.235987755982992e-001,-1.134464013796314e+000, 0.000000000000000e+000, 2.094395102393194e+000, 0.000000000000000e+000, 2.220446049250313e-016, 0.000000000000000e+000
 2.298000000000000e+001, 5.235987755982992e-001,-1.134464013796315e+000, 0.000000000000000e+000, 2.094395102393196e+000, 0.000000000000000e+000, 0.000000000000000e+000, 0.000000000000000e+000
 2.299000000000000e+001, 5.235987755982987e-001,-1.134464013796315e+000, 0.000000000000000e+000, 2.094395102393196e+000, 0.000000000000000e+000,-2.220446049250313e-016, 0.000000000000000e+000
 2.300000000000000e+001, 5.235987755982987e-001,-1.134464013796314e+000, 0.000000000000000e+000, 2.094395102393196e+000, 0.000000000000000e+000, 0.000000000000000e+000, 0.000000000000000e+000
 2.301000000000000e+001, 5.235987755982987e-001,-1.134464013796315e+000, 0.000000000000000e+000, 2.094395102393196e+000, 0.000000000000000e+000, 2.220446049250313e-016, 0.000000000000000e+000
 2.302000000000000e+001, 5.235987755982992e-001,-1.134464013796314e+000, 0.000000000000000e+000, 2.094395102393196e+000, 0.000000000000000e+000, 0.000000000000000e+000, 0.000000000000000e+000
 2.303000000000000e+001, 5.235987755982987e-001,-1.134464013796314e+000, 0.000000000000000e+000, 2.094395102393196e+000, 0.000000000000000e+000, 0.000000000000000e+000, 0.000000000000000e+000
 2.304000000000000e+001, 5.235987755982987e-001,-1.134464013796315e+000, 0.000000000000000e+000, 2.094395102393196e+000, 0.000000000000000e+000, 0.000000000000000e+000, 0.000000000000000e+000
 2.305000000000000e+001, 5.235987755982983e-001,-1.134464013796315e+000, 0.000000000000000e+000, 2.094395102393196e+000, 0.000000000000000e+000, 0.000000000000000e+000, 0.000000000000000e+000
 2.306000000000000e+001, 5.235987755982987e-001,-1.134464013796314e+000, 0.000000000000000e+000, 2.094395102393195e+000, 0.000000000000000e+000, 0.000000000000000e+000, 0.000000000000000e+000
 2.307000000000000e+001, 5.235987755982983e-001,-1.134464013796314e+000, 0.000000000000000e+000, 2.094395102393196e+000, 0.000000000000000e+000, 0.000000000000000e+000, 0.000000000000000e+000
 2.308000000000000e+001, 5.235987755982987e-001,-1.134464013796315e+000, 0.000000000000000e+000, 2.094395102393196e+000, 0.000000000000000e+000, 2.220446049250313e-016, 0.000000000000000e+000
 2.309000000000000e+001, 5.235987755982987e-001,-1.134464013796314e+000, 0.000000000000000e+000, 2.094395102393195e+000, 0.000000000000000e+000, 0.000000000000000e+000, 0.000000000000000e+000
 2.310000000000000e+001, 5.235987755982987e-001,-1.134464013796315e+000, 0.000000000000000e+000, 2.094395102393195e+000, 0.000000000000000e+000, 0.000000000000000e+000, 0.000000000000000e+000
 2.311000000000000e+001, 5.235987755982987e-001,-1.134464013796315e+000, 0.000000000000000e+000, 2.094395102393196e+000, 0.000000000000000e+000, 0.000000000000000e+000, 0.000000000000000e+000
 2.312000000000000e+001, 5.235987755982992e-001,-1.134464013796315e+000, 0.000000000000000e+000, 2.094395102393196e+000, 0.000000000000000e+000,-2.220446049250313e-016, 0.000000000000000e+000
 2.313000000000000e+001, 5.235987755982983e-001,-1.134464013796314e+000, 0.000000000000000e+000, 2.094395102393195e+000, 0.000000000000000e+000, 0.000000000000000e+000, 0.000000000000000e+000
 2.314000000000000e+001, 5.235987755982987e-001,-1.134464013796314e+000, 0.000000000000000e+000, 2.094395102393195e+000, 0.000000000000000e+000, 0.000000000000000e+000, 0.000000000000000e+000
 2.315000000000000e+001, 5.235987755982992e-001,-1.134464013796315e+000, 0.000000000000000e+000, 2.094395102393195e+000, 0.000000000000000e+000, 0.000000000000000e+000, 0.000000000000000e+000
 2.316000000000000e+001, 5.235987755982987e-001,-1.134464013796315e+000, 0.000000000000000e+000, 2.094395102393195e+000, 0.000000000000000e+000, 0.000000000000000e+000, 0.000000000000000e+000
 2.317000000000000e+001, 5.235987755982987e-001,-1.134464013796314e+000, 0.000000000000000e+000, 2.094395102393196e+000, 0.000000000000000e+000, 0.000000000000000e+000, 0.000000000000000e+000
 2.318000000000000e+001, 5.235987755982996e-001,-1.134464013796314e+000, 0.000000000000000e+000, 2.094395102393196e+000, 0.000000000000000e+000, 0.000000000000000e+000, 0.000000000000000e+000
 2.319000000000000e+001, 5.235987755982992e-001,-1.134464013796314e+000, 0.000000000000000e+000, 2.094395102393196e+000, 0.000000000000000e+000, 0.000000000000000e+000, 0.000000000000000e+000
 2.320000000000000e+001, 5.235987755982992e-001,-1.134464013796314e+000, 0.000000000000000e+000, 2.094395102393195e+000, 0.000000000000000e+000, 0.000000000000000e+000, 0.000000000000000e+000
 2.321000000000000e+001, 5.235987755982987e-001,-1.134464013796315e+000, 0.000000000000000e+000, 2.094395102393195e+000, 0.000000000000000e+000, 0.000000000000000e+000, 0.000000000000000e+000
 2.322000000000000e+001, 5.235987755982992e-001,-1.134464013796314e+000, 0.000000000000000e+000, 2.094395102393196e+000, 0.000000000000000e+000, 0.000000000000000e+000, 0.000000000000000e+000
 2.323000000000000e+001, 5.235987755982987e-001,-1.134464013796314e+000, 0.000000000000000e+000, 2.094395102393196e+000, 0.000000000000000e+000, 0.000000000000000e+000, 0.000000000000000e+000
 2.324000000000000e+001, 5.235987755982987e-001,-1.134464013796315e+000, 0.000000000000000e+000, 2.094395102393195e+000, 0.000000000000000e+000, 0.000000000000000e+000, 0.000000000000000e+000
 2.325000000000000e+001, 5.235987755982987e-001,-1.134464013796315e+000, 0.000000000000000e+000, 2.094395102393195e+000, 0.000000000000000e+000, 0.000000000000000e+000, 0.000000000000000e+000
 2.326000000000000e+001, 5.235987755982992e-001,-1.134464013796314e+000, 0.000000000000000e+000, 2.094395102393195e+000, 0.000000000000000e+000, 0.000000000000000e+000, 0.000000000000000e+000
 2.327000000000000e+001, 5.235987755982983e-001,-1.134464013796315e+000, 0.000000000000000e+000, 2.094395102393196e+000, 0.000000000000000e+000, 0.000000000000000e+000, 0.000000000000000e+000
 2.328000000000000e+001, 5.235987755982987e-001,-1.134464013796315e+000, 0.000000000000000e+000, 2.094395102393194e+000, 0.000000000000000e+000, 0.000000000000000e+000, 0.000000000000000e+000
 2.329000000000000e+001, 5.235987755982987e-001,-1.134464013796314e+000, 0.000000000000000e+000, 2.094395102393195e+000, 0.000000000000000e+000, 0.000000000000000e+000, 0.000000000000000e+000
 2.330000000000000e+001, 5.235987755982987e-001,-1.134464013796315e+000, 0.000000000000000e+000, 2.094395102393196e+000, 0.000000000000000e+000, 0.000000000000000e+000, 0.000000000000000e+000
 2.331000000000000e+001, 5.235987755982992e-001,-1.134464013796314e+000, 0.000000000000000e+000, 2.094395102393196e+000, 0.000000000000000e+000, 2.220446049250313e-016, 0.000000000000000e+000
 2.332000000000000e+001, 5.235987755982992e-001,-1.134464013796314e+000, 0.000000000000000e+000, 2.094395102393195e+000, 0.000000000000000e+000, 0.000000000000000e+000, 0.000000000000000e+000
 2.333000000000000e+001, 5.235987755982987e-001,-1.134464013796314e+000, 0.000000000000000e+000, 2.094395102393196e+000, 0.000000000000000e+000,-2.220446049250313e-016, 0.000000000000000e+000
 2.334000000000000e+001, 5.235987755982987e-001,-1.134464013796314e+000, 0.000000000000000e+000, 2.094395102393195e+000, 0.000000000000000e+000, 0.000000000000000e+000, 0.000000000000000e+000
 2.335000000000000e+001, 5.235987755982992e-001,-1.134464013796315e+000, 0.000000000000000e+000, 2.094395102393195e+000, 0.000000000000000e+000, 0.000000000000000e+000, 0.000000000000000e+000
 2.336000000000000e+001, 5.235987755982983e-001,-1.134464013796314e+000, 0.000000000000000e+000, 2.094395102393196e+000, 0.000000000000000e+000, 2.220446049250313e-016, 0.000000000000000e+000
 2.337000000000000e+001, 5.235987755982992e-001,-1.134464013796314e+000, 0.000000000000000e+000, 2.094395102393196e+000, 0.000000000000000e+000, 2.220446049250313e-016, 0.000000000000000e+000
